MANDT,BUKRS,BELNR,GJAHR,BUZEI,KOART,LIFNR,KUNNR,HKONT,SHKZG,DMBTR,WRBTR,WAERS,ZFBDT,ZTERM,AUGDT,AUGBL,EBELN,EBELP,AUGGJ,BSCHL,MANST,ZBD1P,ZLSCH,WSKTO,SKFBT,SGTXT,ZBD1T,ZBD2T,ZBD3T,ZBD2P,MANSP
100,1000,5000000000,2024,1,K,V0001,,160000,H,23748.65,23748.65,USD,2024-05-21,N030,2024-07-15,CL5000000000,4500000000,10,2024.0,31,,0.0,B,225.78,12196.97,Invoice clearing,10,30,60,0.32,A
100,1000,5000000000,2024,2,S,,,510000,S,23748.65,23748.65,USD,,,,,4500000000,10,,40,,0.0,U,114.25,18865.16,,20,0,0,1.15,
100,1000,5000000001,2024,1,K,V0013,,160000,H,81049.92,81049.92,USD,2024-05-26,2/10N30,2024-07-02,,4500000001,10,2024.0,31,,2.0,U,169.47,40843.08,Bank transfer,14,0,60,0.62,
100,1000,5000000001,2024,2,S,,,510000,S,81049.92,81049.92,USD,,,,,4500000001,10,,40,,0.0,U,226.75,19707.46,,0,30,60,0.41,
100,1000,5000000002,2024,1,K,V0001,,160000,H,25900.38,25900.38,USD,2024-06-24,N014,2024-07-03,,4500000002,10,2024.0,31,,0.0,,207.99,5783.0,Credit memo,14,0,0,1.43,
100,1000,5000000002,2024,2,S,,,510000,S,25900.38,25900.38,USD,,,,,4500000002,10,,40,,0.0,C,47.54,28236.14,,14,45,60,0.92,
100,1000,5000000003,2024,1,K,V0002,,160000,H,64247.0,64247.0,USD,2024-06-24,N060,2024-07-16,CL5000000003,4500000003,10,2024.0,31,,0.0,,213.38,29652.13,Cash discount,0,45,90,0.4,
100,1000,5000000003,2024,2,S,,,510000,S,64247.0,64247.0,USD,,,,,4500000003,10,,40,,0.0,U,332.55,27326.89,Payment received,0,0,90,1.98,A
100,1000,5000000003,2024,1,K,V0002,,160000,H,47626.96,47626.96,USD,2024-06-29,N060,2024-08-13,,4500000003,20,2024.0,31,,0.0,,187.15,34117.46,Payment received,20,45,90,0.89,
100,1000,5000000003,2024,2,S,,,510000,S,47626.96,47626.96,USD,,,,,4500000003,20,,40,,0.0,,76.32,27549.95,Cash discount,0,0,90,1.65,
100,1000,5000000004,2024,1,K,V0003,,160000,H,20807.84,20807.84,USD,2024-09-15,2/10N30,2024-09-28,CL5000000004,4500000004,10,2024.0,31,,2.0,,461.49,47654.93,,30,60,60,1.21,A
100,1000,5000000004,2024,2,S,,,510000,S,20807.84,20807.84,USD,,,,,4500000004,10,,40,,0.0,C,33.57,23134.95,,0,45,0,0.49,A
100,1000,5000000005,2024,1,K,V0014,,160000,H,77614.24,77614.24,USD,2024-04-24,N060,2024-06-18,CL5000000005,4500000005,10,2024.0,31,,0.0,,415.89,35447.52,Cash discount,14,0,90,0.66,A
100,1000,5000000005,2024,2,S,,,510000,S,77614.24,77614.24,USD,,,,,4500000005,10,,40,,0.0,T,46.62,21978.9,Invoice clearing,10,45,60,1.14,A
100,1000,5000000006,2024,1,K,V0012,,160000,H,63955.2,63955.2,USD,2024-06-19,2/10N30,2024-08-18,CL5000000006,4500000006,10,2024.0,31,,2.0,B,48.28,14637.43,,30,60,0,0.98,B
100,1000,5000000006,2024,2,S,,,510000,S,63955.2,63955.2,USD,,,,,4500000006,10,,40,,0.0,,369.4,34672.48,Credit memo,0,60,0,0.93,
100,1000,5000000007,2024,1,K,V0007,,160000,H,8767.28,8767.28,USD,2024-07-27,N030,2024-09-06,CL5000000007,4500000007,10,2024.0,31,,0.0,,405.88,40966.38,Bank transfer,0,45,0,0.08,
100,1000,5000000007,2024,2,S,,,510000,S,8767.28,8767.28,USD,,,,,4500000007,10,,40,,0.0,,278.19,39803.28,Credit memo,10,60,0,0.18,
100,1000,5000000008,2024,1,K,V0007,,160000,H,34037.82,34037.82,USD,2024-04-26,N014,2024-06-13,CL5000000008,4500000008,10,2024.0,31,,0.0,,293.23,20516.17,Outstanding,20,45,60,1.29,A
100,1000,5000000008,2024,2,S,,,510000,S,34037.82,34037.82,USD,,,,,4500000008,10,,40,,0.0,B,280.79,25015.23,Payment received,14,30,0,1.84,A
100,1000,5000000009,2024,1,K,V0001,,160000,H,88823.68,88823.68,USD,2024-08-21,2/10N30,2024-10-17,CL5000000009,4500000009,10,2024.0,31,,2.0,T,164.82,31703.47,Bank transfer,10,30,60,0.69,B
100,1000,5000000009,2024,2,S,,,510000,S,88823.68,88823.68,USD,,,,,4500000009,10,,40,,0.0,,61.12,12176.86,,20,60,90,1.69,A
100,1000,5000000010,2024,1,K,V0001,,160000,H,71730.3,71730.3,USD,2024-10-03,N030,,CL5000000010,4500000010,10,,31,,0.0,,176.8,32967.28,,14,45,90,1.58,B
100,1000,5000000010,2024,2,S,,,510000,S,71730.3,71730.3,USD,,,,,4500000010,10,,40,,0.0,C,332.67,35790.3,Bank transfer,0,30,60,0.78,B
100,1000,5000000010,2024,1,K,V0001,,160000,H,1798.0,1798.0,USD,2024-10-17,N030,2024-11-30,CL5000000010,4500000010,20,2024.0,31,,0.0,,375.14,39474.93,Invoice clearing,20,0,60,1.65,A
100,1000,5000000010,2024,2,S,,,510000,S,1798.0,1798.0,USD,,,,,4500000010,20,,40,,0.0,B,434.05,3790.86,,10,0,0,1.7,B
100,1000,5000000011,2024,1,K,V0012,,160000,H,45822.35,45822.35,USD,2024-07-31,N060,2024-08-13,CL5000000011,4500000011,10,2024.0,31,,0.0,C,360.53,49535.96,,30,0,0,0.83,B
100,1000,5000000011,2024,2,S,,,510000,S,45822.35,45822.35,USD,,,,,4500000011,10,,40,,0.0,,484.2,24013.81,,10,45,60,0.36,
100,1000,5000000012,2024,1,K,V0002,,160000,H,103839.76,103839.76,USD,2024-03-27,2/10N30,2024-05-25,CL5000000012,4500000012,10,2024.0,31,,2.0,C,300.21,20100.17,Invoice clearing,10,60,0,1.24,A
100,1000,5000000012,2024,2,S,,,510000,S,103839.76,103839.76,USD,,,,,4500000012,10,,40,,0.0,C,175.82,25379.97,,30,45,60,0.86,
100,1000,5000000013,2024,1,K,V0015,,160000,H,71385.16,71385.16,USD,2024-11-01,N014,,CL5000000013,4500000013,10,,31,,0.0,T,288.96,46027.57,,20,60,0,0.77,B
100,1000,5000000013,2024,2,S,,,510000,S,71385.16,71385.16,USD,,,,,4500000013,10,,40,,0.0,T,106.37,34616.27,Credit memo,20,45,60,1.32,A
100,1000,5000000014,2024,1,K,V0003,,160000,H,64540.35,64540.35,USD,2024-10-07,N014,2024-10-26,CL5000000014,4500000014,10,2024.0,31,,0.0,C,328.37,27227.9,Invoice clearing,10,45,60,1.4,B
100,1000,5000000014,2024,2,S,,,510000,S,64540.35,64540.35,USD,,,,,4500000014,10,,40,,0.0,U,112.12,39556.97,,10,45,0,0.19,B
100,1000,5000000015,2024,1,K,V0004,,160000,H,32263.28,32263.28,USD,2024-05-01,N060,2024-05-12,CL5000000015,4500000015,10,2024.0,31,,0.0,,54.11,18040.52,Payment received,20,30,60,1.4,
100,1000,5000000015,2024,2,S,,,510000,S,32263.28,32263.28,USD,,,,,4500000015,10,,40,,0.0,,422.69,44785.53,Invoice clearing,30,0,60,0.09,
100,1000,5000000016,2024,1,K,V0007,,160000,H,162060.75,162060.75,USD,2024-08-10,N030,,CL5000000016,4500000016,10,,31,,0.0,,183.78,26891.61,,14,0,90,1.77,
100,1000,5000000016,2024,2,S,,,510000,S,162060.75,162060.75,USD,,,,,4500000016,10,,40,,0.0,T,381.3,31945.2,,30,45,60,0.32,
100,1000,5000000016,2024,1,K,V0007,,160000,H,10002.46,10002.46,USD,2024-08-01,N030,2024-09-21,CL5000000016,4500000016,20,2024.0,31,,0.0,U,287.05,4340.6,Payment received,0,0,0,1.77,
100,1000,5000000016,2024,2,S,,,510000,S,10002.46,10002.46,USD,,,,,4500000016,20,,40,,0.0,U,403.61,38470.81,Payment received,10,0,90,1.08,
100,1000,5000000017,2024,1,K,V0008,,160000,H,57234.58,57234.58,USD,2024-06-21,N014,2024-07-27,CL5000000017,4500000017,10,2024.0,31,,0.0,,422.58,32914.32,Invoice clearing,20,60,0,1.33,
100,1000,5000000017,2024,2,S,,,510000,S,57234.58,57234.58,USD,,,,,4500000017,10,,40,,0.0,,487.27,17814.94,Outstanding,30,30,90,0.13,
100,1000,5000000018,2024,1,K,V0010,,160000,H,58946.36,58946.36,USD,2024-05-30,N030,2024-06-22,CL5000000018,4500000018,10,2024.0,31,,0.0,C,409.21,32385.29,Bank transfer,0,0,0,1.45,B
100,1000,5000000018,2024,2,S,,,510000,S,58946.36,58946.36,USD,,,,,4500000018,10,,40,,0.0,,306.79,2310.41,,0,45,90,1.8,A
100,1000,5000000019,2024,1,K,V0006,,160000,H,19046.17,19046.17,USD,2024-09-11,N014,2024-09-29,CL5000000019,4500000019,10,2024.0,31,,0.0,,321.35,49182.05,Credit memo,10,45,0,1.82,
100,1000,5000000019,2024,2,S,,,510000,S,19046.17,19046.17,USD,,,,,4500000019,10,,40,,0.0,U,13.13,33905.85,Credit memo,14,60,60,0.82,
100,1000,5000000020,2024,1,K,V0010,,160000,H,25714.71,25714.71,USD,2024-08-15,N014,2024-10-14,CL5000000020,4500000020,10,2024.0,31,,0.0,U,464.54,20040.93,Payment received,14,0,60,1.52,
100,1000,5000000020,2024,2,S,,,510000,S,25714.71,25714.71,USD,,,,,4500000020,10,,40,,0.0,U,414.73,37658.87,Bank transfer,0,45,0,0.24,
100,1000,5000000021,2024,1,K,V0003,,160000,H,11533.86,11533.86,USD,2024-08-26,N030,2024-10-19,CL5000000021,4500000021,10,2024.0,31,,0.0,C,133.72,48289.27,,30,45,90,0.74,
100,1000,5000000021,2024,2,S,,,510000,S,11533.86,11533.86,USD,,,,,4500000021,10,,40,,0.0,C,90.21,21579.73,Credit memo,0,30,90,1.51,
100,1000,5000000022,2024,1,K,V0007,,160000,H,6969.2,6969.2,USD,2024-04-19,N030,2024-05-20,CL5000000022,4500000022,10,2024.0,31,,0.0,,351.35,626.33,,10,0,60,1.01,
100,1000,5000000022,2024,2,S,,,510000,S,6969.2,6969.2,USD,,,,,4500000022,10,,40,,0.0,,154.49,13011.04,Credit memo,10,30,60,1.56,A
100,1000,5000000023,2024,1,K,V0014,,160000,H,9960.0,9960.0,USD,2024-06-09,N060,2024-07-12,CL5000000023,4500000023,10,2024.0,31,,0.0,T,169.91,25582.74,,14,30,60,0.82,
100,1000,5000000023,2024,2,S,,,510000,S,9960.0,9960.0,USD,,,,,4500000023,10,,40,,0.0,,3.05,25988.01,Invoice clearing,0,0,90,0.33,B
100,1000,5000000024,2024,1,K,V0005,,160000,H,8478.75,8478.75,USD,2024-03-12,2/10N30,2024-04-03,CL5000000024,4500000024,10,2024.0,31,,2.0,,434.93,29067.86,Invoice clearing,20,30,90,0.41,A
100,1000,5000000024,2024,2,S,,,510000,S,8478.75,8478.75,USD,,,,,4500000024,10,,40,,0.0,,283.16,28804.25,Bank transfer,20,0,60,0.09,
100,1000,5000000025,2024,1,K,V0007,,160000,H,71444.14,71444.14,USD,2024-09-02,N030,2024-10-26,CL5000000025,4500000025,10,2024.0,31,,0.0,T,200.39,22344.35,Payment received,30,0,60,0.05,
100,1000,5000000025,2024,2,S,,,510000,S,71444.14,71444.14,USD,,,,,4500000025,10,,40,,0.0,,70.94,19617.6,Credit memo,30,0,90,1.28,
100,1000,5000000026,2024,1,K,V0004,,160000,H,10462.2,10462.2,USD,2024-09-15,2/10N30,2024-11-04,,4500000026,10,2024.0,31,,2.0,U,316.59,38639.88,Credit memo,14,30,90,1.35,
100,1000,5000000026,2024,2,S,,,510000,S,10462.2,10462.2,USD,,,,,4500000026,10,,40,,0.0,C,15.33,29470.64,Outstanding,10,0,90,0.92,
100,1000,5000000027,2024,1,K,V0004,,160000,H,52733.88,52733.88,USD,2024-08-19,N060,2024-10-18,CL5000000027,4500000027,10,2024.0,31,,0.0,C,373.06,25073.24,Credit memo,20,0,0,0.69,
100,1000,5000000027,2024,2,S,,,510000,S,52733.88,52733.88,USD,,,,,4500000027,10,,40,,0.0,,107.57,17313.87,Invoice clearing,20,45,60,0.8,
100,1000,5000000027,2024,1,K,V0004,,160000,H,22521.91,22521.91,USD,2024-08-16,N060,2024-10-15,CL5000000027,4500000027,20,2024.0,31,,0.0,,209.92,1325.68,Payment received,20,30,60,0.39,A
100,1000,5000000027,2024,2,S,,,510000,S,22521.91,22521.91,USD,,,,,4500000027,20,,40,,0.0,,170.45,5317.01,Cash discount,20,30,90,0.08,
100,1000,5000000028,2024,1,K,V0013,,160000,H,90639.12,90639.12,USD,2024-07-15,N014,2024-07-22,CL5000000028,4500000028,10,2024.0,31,,0.0,U,185.03,20857.17,,14,0,90,0.5,A
100,1000,5000000028,2024,2,S,,,510000,S,90639.12,90639.12,USD,,,,,4500000028,10,,40,,0.0,T,360.8,48090.22,Cash discount,0,45,0,1.42,
100,1000,5000000029,2024,1,K,V0014,,160000,H,18468.65,18468.65,USD,2024-05-29,2/10N30,2024-07-27,CL5000000029,4500000029,10,2024.0,31,,2.0,,388.42,5891.86,,20,45,90,0.27,
100,1000,5000000029,2024,2,S,,,510000,S,18468.65,18468.65,USD,,,,,4500000029,10,,40,,0.0,C,283.8,47039.74,Invoice clearing,10,60,90,1.34,
100,1000,5000000030,2024,1,K,V0008,,160000,H,187081.62,187081.62,USD,2024-06-24,N030,2024-08-18,CL5000000030,4500000030,10,2024.0,31,,0.0,,42.48,7169.59,Outstanding,20,60,0,0.93,B
100,1000,5000000030,2024,2,S,,,510000,S,187081.62,187081.62,USD,,,,,4500000030,10,,40,,0.0,T,26.3,15663.33,Bank transfer,30,45,0,0.92,
100,1000,5000000030,2024,1,K,V0008,,160000,H,9047.1,9047.1,USD,2024-06-29,N030,2024-08-12,CL5000000030,4500000030,20,2024.0,31,,0.0,U,78.7,22821.1,Bank transfer,10,30,60,0.17,A
100,1000,5000000030,2024,2,S,,,510000,S,9047.1,9047.1,USD,,,,,4500000030,20,,40,,0.0,C,308.92,10422.68,Invoice clearing,0,30,60,1.31,B
100,1000,5000000031,2024,1,K,V0003,,160000,H,35923.72,35923.72,USD,2024-06-18,N014,2024-07-22,CL5000000031,4500000031,10,2024.0,31,,0.0,,336.98,24198.01,,20,0,0,1.43,
100,1000,5000000031,2024,2,S,,,510000,S,35923.72,35923.72,USD,,,,,4500000031,10,,40,,0.0,U,136.05,23860.51,Bank transfer,14,60,90,0.88,
100,1000,5000000031,2024,1,K,V0003,,160000,H,4126.98,4126.98,USD,2024-06-18,N014,2024-08-15,CL5000000031,4500000031,20,2024.0,31,,0.0,,330.97,21964.48,,14,45,60,0.94,
100,1000,5000000031,2024,2,S,,,510000,S,4126.98,4126.98,USD,,,,,4500000031,20,,40,,0.0,,242.83,34868.49,Bank transfer,20,0,60,0.56,
100,1000,5000000032,2024,1,K,V0012,,160000,H,106749.44,106749.44,USD,2024-06-23,2/10N30,2024-07-16,CL5000000032,4500000032,10,2024.0,31,,2.0,,221.02,16013.58,Credit memo,30,30,90,0.32,
100,1000,5000000032,2024,2,S,,,510000,S,106749.44,106749.44,USD,,,,,4500000032,10,,40,,0.0,,136.58,15083.18,Invoice clearing,14,0,90,1.68,
100,1000,5000000032,2024,1,K,V0012,,160000,H,62550.62,62550.62,USD,2024-06-20,2/10N30,2024-08-16,CL5000000032,4500000032,20,2024.0,31,,2.0,B,377.47,40528.28,,10,0,90,1.21,
100,1000,5000000032,2024,2,S,,,510000,S,62550.62,62550.62,USD,,,,,4500000032,20,,40,,0.0,,56.91,5842.75,Payment received,30,45,90,0.35,
100,1000,5000000033,2024,1,K,V0003,,160000,H,9878.4,9878.4,USD,2024-09-07,2/10N30,2024-10-12,CL5000000033,4500000033,10,2024.0,31,,2.0,U,214.96,42474.08,Invoice clearing,0,0,0,0.25,
100,1000,5000000033,2024,2,S,,,510000,S,9878.4,9878.4,USD,,,,,4500000033,10,,40,,0.0,,141.62,32433.7,,0,45,0,1.48,B
100,1000,5000000034,2024,1,K,V0010,,160000,H,36946.26,36946.26,USD,2024-08-09,2/10N30,2024-09-12,CL5000000034,4500000034,10,2024.0,31,,2.0,,339.24,33889.25,,14,60,90,0.34,A
100,1000,5000000034,2024,2,S,,,510000,S,36946.26,36946.26,USD,,,,,4500000034,10,,40,,0.0,,243.32,8301.27,Cash discount,30,0,60,1.34,
100,1000,5000000034,2024,1,K,V0010,,160000,H,26054.76,26054.76,USD,2024-07-26,2/10N30,2024-08-17,CL5000000034,4500000034,20,2024.0,31,,2.0,,333.57,49196.63,,14,30,90,0.02,
100,1000,5000000034,2024,2,S,,,510000,S,26054.76,26054.76,USD,,,,,4500000034,20,,40,,0.0,U,22.71,12271.26,Payment received,0,30,60,0.55,A
100,1000,5000000035,2024,1,K,V0004,,160000,H,7195.58,7195.58,USD,2024-09-06,N014,2024-10-31,,4500000035,10,2024.0,31,,0.0,,197.63,8805.22,Payment received,14,0,60,0.88,
100,1000,5000000035,2024,2,S,,,510000,S,7195.58,7195.58,USD,,,,,4500000035,10,,40,,0.0,,299.66,8090.77,,30,60,0,0.36,B
100,1000,5000000036,2024,1,K,V0002,,160000,H,5136.89,5136.89,USD,2024-08-23,N060,2024-09-19,,4500000036,10,2024.0,31,,0.0,U,3.84,28036.46,,20,30,0,1.43,
100,1000,5000000036,2024,2,S,,,510000,S,5136.89,5136.89,USD,,,,,4500000036,10,,40,,0.0,C,150.71,47927.28,Cash discount,0,60,60,1.79,A
100,1000,5000000036,2024,1,K,V0002,,160000,H,4489.05,4489.05,USD,2024-08-25,N060,2024-10-18,,4500000036,20,2024.0,31,,0.0,,105.62,11669.59,Cash discount,20,0,60,1.06,A
100,1000,5000000036,2024,2,S,,,510000,S,4489.05,4489.05,USD,,,,,4500000036,20,,40,,0.0,,68.62,20311.87,Cash discount,30,60,90,0.88,
100,1000,5000000037,2024,1,K,V0010,,160000,H,71661.33,71661.33,USD,2024-03-21,N014,2024-04-03,CL5000000037,4500000037,10,2024.0,31,,0.0,U,127.76,9304.14,Invoice clearing,0,45,90,0.1,A
100,1000,5000000037,2024,2,S,,,510000,S,71661.33,71661.33,USD,,,,,4500000037,10,,40,,0.0,U,164.06,32059.9,,14,30,90,1.27,
100,1000,5000000038,2024,1,K,V0007,,160000,H,140790.6,140790.6,USD,2024-10-20,2/10N30,2024-11-20,CL5000000038,4500000038,10,2024.0,31,,2.0,B,3.86,21663.51,Credit memo,14,60,60,1.05,
100,1000,5000000038,2024,2,S,,,510000,S,140790.6,140790.6,USD,,,,,4500000038,10,,40,,0.0,,373.51,1556.69,,14,30,90,1.33,
100,1000,5000000038,2024,1,K,V0007,,160000,H,5423.34,5423.34,USD,2024-10-12,2/10N30,2024-11-13,CL5000000038,4500000038,20,2024.0,31,,2.0,C,87.85,30743.94,,0,60,60,1.32,
100,1000,5000000038,2024,2,S,,,510000,S,5423.34,5423.34,USD,,,,,4500000038,20,,40,,0.0,,190.1,9946.49,Bank transfer,0,30,90,0.21,
100,1000,5000000039,2024,1,K,V0006,,160000,H,147537.0,147537.0,USD,2024-10-20,N014,2024-11-08,CL5000000039,4500000039,10,2024.0,31,,0.0,,351.84,29650.94,Outstanding,14,30,60,1.38,
100,1000,5000000039,2024,2,S,,,510000,S,147537.0,147537.0,USD,,,,,4500000039,10,,40,,0.0,B,250.13,19502.91,,14,0,0,0.89,B
100,1000,5000000040,2024,1,K,V0007,,160000,H,57135.6,57135.6,USD,2024-07-06,N030,2024-07-15,CL5000000040,4500000040,10,2024.0,31,,0.0,,416.68,35266.31,Credit memo,20,60,0,1.2,
100,1000,5000000040,2024,2,S,,,510000,S,57135.6,57135.6,USD,,,,,4500000040,10,,40,,0.0,,403.1,10368.65,Outstanding,0,0,60,0.1,B
100,1000,5000000041,2024,1,K,V0008,,160000,H,13064.4,13064.4,USD,2024-03-28,N014,2024-04-19,,4500000041,10,2024.0,31,,0.0,,36.04,37641.04,,14,30,0,0.75,
100,1000,5000000041,2024,2,S,,,510000,S,13064.4,13064.4,USD,,,,,4500000041,10,,40,,0.0,U,430.88,40455.62,Cash discount,30,60,60,0.4,
100,1000,5000000042,2024,1,K,V0005,,160000,H,18125.28,18125.28,USD,2024-07-20,2/10N30,2024-08-01,CL5000000042,4500000042,10,2024.0,31,,2.0,,21.15,3221.93,Cash discount,14,60,0,0.5,A
100,1000,5000000042,2024,2,S,,,510000,S,18125.28,18125.28,USD,,,,,4500000042,10,,40,,0.0,C,9.37,5177.43,,0,45,0,1.82,A
100,1000,5000000043,2024,1,K,V0009,,160000,H,126195.84,126195.84,USD,2024-10-01,2/10N30,2024-10-26,CL5000000043,4500000043,10,2024.0,31,,2.0,B,460.58,43611.77,Outstanding,14,30,0,0.4,A
100,1000,5000000043,2024,2,S,,,510000,S,126195.84,126195.84,USD,,,,,4500000043,10,,40,,0.0,U,431.06,9429.3,Credit memo,20,45,0,0.03,B
100,1000,5000000044,2024,1,K,V0015,,160000,H,33054.12,33054.12,USD,2024-10-02,N030,2024-11-09,CL5000000044,4500000044,10,2024.0,31,,0.0,T,287.88,16366.65,Bank transfer,10,45,90,0.06,
100,1000,5000000044,2024,2,S,,,510000,S,33054.12,33054.12,USD,,,,,4500000044,10,,40,,0.0,,286.7,22931.77,Bank transfer,0,60,90,0.03,B
100,1000,5000000045,2024,1,K,V0014,,160000,H,32468.3,32468.3,USD,2024-06-29,N030,2024-08-28,,4500000045,10,2024.0,31,,0.0,B,354.75,13191.43,Bank transfer,0,45,90,1.64,B
100,1000,5000000045,2024,2,S,,,510000,S,32468.3,32468.3,USD,,,,,4500000045,10,,40,,0.0,C,208.85,43145.56,Outstanding,10,30,0,1.36,
100,1000,5000000046,2024,1,K,V0005,,160000,H,6098.4,6098.4,USD,2024-04-16,N014,2024-05-28,CL5000000046,4500000046,10,2024.0,31,,0.0,B,57.59,26432.98,Credit memo,14,0,0,0.13,
100,1000,5000000046,2024,2,S,,,510000,S,6098.4,6098.4,USD,,,,,4500000046,10,,40,,0.0,B,10.43,31991.52,Cash discount,20,45,0,1.92,A
100,1000,5000000047,2024,1,K,V0009,,160000,H,176922.06,176922.06,USD,2024-03-12,N030,2024-05-05,,4500000047,10,2024.0,31,,0.0,B,162.38,29888.84,Cash discount,14,45,90,0.19,
100,1000,5000000047,2024,2,S,,,510000,S,176922.06,176922.06,USD,,,,,4500000047,10,,40,,0.0,,400.66,30604.29,Credit memo,10,60,0,1.67,
100,1000,5000000048,2024,1,K,V0006,,160000,H,75927.3,75927.3,USD,2024-07-22,2/10N30,2024-08-31,CL5000000048,4500000048,10,2024.0,31,,2.0,T,309.06,29391.54,Invoice clearing,20,60,0,1.33,
100,1000,5000000048,2024,2,S,,,510000,S,75927.3,75927.3,USD,,,,,4500000048,10,,40,,0.0,C,416.01,17461.44,Credit memo,30,60,90,1.45,B
100,1000,5000000048,2024,1,K,V0006,,160000,H,45327.44,45327.44,USD,2024-07-20,2/10N30,2024-07-26,CL5000000048,4500000048,20,2024.0,31,,2.0,C,459.88,42291.34,,30,0,90,0.09,A
100,1000,5000000048,2024,2,S,,,510000,S,45327.44,45327.44,USD,,,,,4500000048,20,,40,,0.0,C,44.06,30906.4,,20,60,60,1.03,
100,1000,5000000049,2024,1,K,V0013,,160000,H,101911.56,101911.56,USD,2024-04-08,N060,2024-04-23,CL5000000049,4500000049,10,2024.0,31,,0.0,U,422.24,40705.54,Outstanding,30,30,90,1.63,
100,1000,5000000049,2024,2,S,,,510000,S,101911.56,101911.56,USD,,,,,4500000049,10,,40,,0.0,,121.66,35328.82,,20,30,0,0.65,A
100,1000,5000000049,2024,1,K,V0013,,160000,H,52718.06,52718.06,USD,2024-04-15,N060,2024-05-29,CL5000000049,4500000049,20,2024.0,31,,0.0,C,294.44,14942.5,Payment received,14,60,0,1.25,B
100,1000,5000000049,2024,2,S,,,510000,S,52718.06,52718.06,USD,,,,,4500000049,20,,40,,0.0,,261.98,30762.78,Invoice clearing,14,60,60,1.25,
100,1000,5000000050,2024,1,K,V0004,,160000,H,52886.62,52886.62,USD,2024-10-13,N014,2024-12-02,CL5000000050,4500000050,10,2024.0,31,,0.0,C,197.88,4329.12,Payment received,10,0,0,1.87,
100,1000,5000000050,2024,2,S,,,510000,S,52886.62,52886.62,USD,,,,,4500000050,10,,40,,0.0,T,155.14,6783.99,,14,0,90,0.79,A
100,1000,5000000050,2024,1,K,V0004,,160000,H,19549.53,19549.53,USD,2024-10-05,N014,,CL5000000050,4500000050,20,,31,,0.0,U,169.76,5981.3,Cash discount,14,30,90,0.86,
100,1000,5000000050,2024,2,S,,,510000,S,19549.53,19549.53,USD,,,,,4500000050,20,,40,,0.0,U,166.53,15338.46,Payment received,10,0,0,0.46,B
100,1000,5000000051,2024,1,K,V0002,,160000,H,13326.08,13326.08,USD,2024-08-19,N014,2024-08-25,,4500000051,10,2024.0,31,,0.0,B,84.07,9233.92,Payment received,0,60,60,0.21,B
100,1000,5000000051,2024,2,S,,,510000,S,13326.08,13326.08,USD,,,,,4500000051,10,,40,,0.0,,255.24,34702.48,Bank transfer,0,0,0,0.65,
100,1000,5000000052,2024,1,K,V0010,,160000,H,101803.14,101803.14,USD,2024-07-25,N014,2024-09-13,,4500000052,10,2024.0,31,,0.0,U,57.01,25590.16,Outstanding,20,60,0,0.03,A
100,1000,5000000052,2024,2,S,,,510000,S,101803.14,101803.14,USD,,,,,4500000052,10,,40,,0.0,U,254.98,20970.13,Cash discount,0,30,0,1.31,A
100,1000,5000000053,2024,1,K,V0010,,160000,H,128018.52,128018.52,USD,2024-09-09,N030,2024-10-31,,4500000053,10,2024.0,31,,0.0,T,452.96,6979.58,Outstanding,0,45,0,0.02,
100,1000,5000000053,2024,2,S,,,510000,S,128018.52,128018.52,USD,,,,,4500000053,10,,40,,0.0,C,174.69,19247.13,Outstanding,0,0,90,0.43,A
100,1000,5000000054,2024,1,K,V0011,,160000,H,39178.11,39178.11,USD,2024-03-24,N014,2024-03-31,CL5000000054,4500000054,10,2024.0,31,,0.0,,363.69,9369.11,Cash discount,14,30,0,0.44,A
100,1000,5000000054,2024,2,S,,,510000,S,39178.11,39178.11,USD,,,,,4500000054,10,,40,,0.0,U,409.47,31811.53,Payment received,0,30,90,1.32,
100,1000,5000000055,2024,1,K,V0014,,160000,H,170656.32,170656.32,USD,2024-06-07,N030,2024-07-03,CL5000000055,4500000055,10,2024.0,31,,0.0,U,407.52,34702.3,Outstanding,14,0,0,0.56,
100,1000,5000000055,2024,2,S,,,510000,S,170656.32,170656.32,USD,,,,,4500000055,10,,40,,0.0,,118.13,32298.48,Bank transfer,14,45,90,1.25,
100,1000,5000000055,2024,1,K,V0014,,160000,H,18243.2,18243.2,USD,2024-05-28,N030,2024-07-06,,4500000055,20,2024.0,31,,0.0,,73.22,49994.99,Payment received,10,60,60,0.09,A
100,1000,5000000055,2024,2,S,,,510000,S,18243.2,18243.2,USD,,,,,4500000055,20,,40,,0.0,,98.64,27790.14,Credit memo,20,30,90,1.77,
100,1000,5000000056,2024,1,K,V0005,,160000,H,177389.22,177389.22,USD,2024-10-15,2/10N30,2024-10-21,CL5000000056,4500000056,10,2024.0,31,,2.0,T,301.2,24533.14,,10,30,60,0.82,
100,1000,5000000056,2024,2,S,,,510000,S,177389.22,177389.22,USD,,,,,4500000056,10,,40,,0.0,,380.11,7100.8,Invoice clearing,30,45,60,1.54,
100,1000,5000000057,2024,1,K,V0004,,160000,H,91337.75,91337.75,USD,2024-03-23,2/10N30,2024-04-17,,4500000057,10,2024.0,31,,2.0,,327.75,15797.54,Bank transfer,14,60,0,1.0,
100,1000,5000000057,2024,2,S,,,510000,S,91337.75,91337.75,USD,,,,,4500000057,10,,40,,0.0,,88.57,22604.95,,0,30,90,1.98,
100,1000,5000000058,2024,1,K,V0005,,160000,H,35929.6,35929.6,USD,2024-07-31,N060,2024-09-09,CL5000000058,4500000058,10,2024.0,31,,0.0,U,386.42,2775.2,Bank transfer,0,45,90,1.43,
100,1000,5000000058,2024,2,S,,,510000,S,35929.6,35929.6,USD,,,,,4500000058,10,,40,,0.0,U,247.06,18016.05,Outstanding,30,0,0,1.58,B
100,1000,5000000059,2024,1,K,V0002,,160000,H,117511.52,117511.52,USD,2024-09-14,2/10N30,2024-11-07,,4500000059,10,2024.0,31,,2.0,T,377.22,578.21,Payment received,20,45,0,1.84,
100,1000,5000000059,2024,2,S,,,510000,S,117511.52,117511.52,USD,,,,,4500000059,10,,40,,0.0,B,379.94,6913.08,,14,45,0,1.14,
100,1000,5000000060,2024,1,K,V0011,,160000,H,111467.52,111467.52,USD,2024-05-14,N014,2024-06-10,CL5000000060,4500000060,10,2024.0,31,,0.0,B,224.45,40779.28,,30,30,60,0.5,
100,1000,5000000060,2024,2,S,,,510000,S,111467.52,111467.52,USD,,,,,4500000060,10,,40,,0.0,,462.08,48195.07,,30,60,0,0.19,
100,1000,5000000061,2024,1,K,V0009,,160000,H,88356.0,88356.0,USD,2024-04-23,N014,2024-06-16,,4500000061,10,2024.0,31,,0.0,U,282.25,25321.36,Credit memo,30,0,0,0.65,
100,1000,5000000061,2024,2,S,,,510000,S,88356.0,88356.0,USD,,,,,4500000061,10,,40,,0.0,,317.65,24799.0,Payment received,14,45,90,1.26,B
100,1000,5000000061,2024,1,K,V0009,,160000,H,15617.19,15617.19,USD,2024-04-29,N014,2024-06-02,CL5000000061,4500000061,20,2024.0,31,,0.0,,312.26,34266.36,Payment received,14,0,60,0.78,
100,1000,5000000061,2024,2,S,,,510000,S,15617.19,15617.19,USD,,,,,4500000061,20,,40,,0.0,U,432.12,20839.96,Outstanding,14,60,60,1.85,
100,1000,5000000062,2024,1,K,V0008,,160000,H,14175.44,14175.44,USD,2024-08-03,N060,,CL5000000062,4500000062,10,,31,,0.0,,313.61,42010.6,Bank transfer,14,0,0,1.54,
100,1000,5000000062,2024,2,S,,,510000,S,14175.44,14175.44,USD,,,,,4500000062,10,,40,,0.0,,75.48,24486.11,,10,0,0,0.27,B
100,1000,5000000063,2024,1,K,V0010,,160000,H,105339.25,105339.25,USD,2024-08-11,N014,,CL5000000063,4500000063,10,,31,,0.0,,34.14,4225.26,Bank transfer,30,30,90,0.35,
100,1000,5000000063,2024,2,S,,,510000,S,105339.25,105339.25,USD,,,,,4500000063,10,,40,,0.0,,221.1,1639.95,Credit memo,10,60,0,1.52,
100,1000,5000000064,2024,1,K,V0014,,160000,H,10608.84,10608.84,USD,2024-02-09,N014,2024-03-21,CL5000000064,4500000064,10,2024.0,31,,0.0,,151.41,38076.73,Bank transfer,20,45,90,1.38,
100,1000,5000000064,2024,2,S,,,510000,S,10608.84,10608.84,USD,,,,,4500000064,10,,40,,0.0,,137.34,14675.29,Bank transfer,30,30,0,1.96,B
100,1000,5000000065,2024,1,K,V0008,,160000,H,139969.96,139969.96,USD,2024-04-26,N030,,CL5000000065,4500000065,10,,31,,0.0,C,28.09,13815.16,Outstanding,14,30,60,1.33,
100,1000,5000000065,2024,2,S,,,510000,S,139969.96,139969.96,USD,,,,,4500000065,10,,40,,0.0,U,253.67,26926.67,,14,45,60,0.14,
100,1000,5000000066,2024,1,K,V0008,,160000,H,58262.64,58262.64,USD,2024-08-09,N060,2024-09-06,CL5000000066,4500000066,10,2024.0,31,,0.0,C,155.2,8493.63,Cash discount,14,60,60,0.04,
100,1000,5000000066,2024,2,S,,,510000,S,58262.64,58262.64,USD,,,,,4500000066,10,,40,,0.0,B,225.96,22920.34,Invoice clearing,10,0,0,1.82,
100,1000,5000000067,2024,1,K,V0013,,160000,H,142616.7,142616.7,USD,2024-11-18,N030,2024-11-25,CL5000000067,4500000067,10,2024.0,31,,0.0,U,28.45,37151.66,Cash discount,14,60,0,0.9,
100,1000,5000000067,2024,2,S,,,510000,S,142616.7,142616.7,USD,,,,,4500000067,10,,40,,0.0,U,415.85,38319.39,Cash discount,30,60,90,1.02,B
100,1000,5000000067,2024,1,K,V0013,,160000,H,9775.5,9775.5,USD,2024-11-21,N030,2024-12-29,CL5000000067,4500000067,20,2024.0,31,,0.0,T,38.37,27531.34,Invoice clearing,0,0,60,1.48,B
100,1000,5000000067,2024,2,S,,,510000,S,9775.5,9775.5,USD,,,,,4500000067,20,,40,,0.0,U,432.13,5749.23,,30,0,90,1.01,
100,1000,5000000068,2024,1,K,V0007,,160000,H,113659.0,113659.0,USD,2024-09-30,N014,2024-10-24,CL5000000068,4500000068,10,2024.0,31,,0.0,B,427.65,5798.91,Payment received,20,0,0,1.41,B
100,1000,5000000068,2024,2,S,,,510000,S,113659.0,113659.0,USD,,,,,4500000068,10,,40,,0.0,,307.5,38778.14,,30,60,90,0.03,A
100,1000,5000000069,2024,1,K,V0008,,160000,H,96094.88,96094.88,USD,2024-05-21,N014,2024-06-23,CL5000000069,4500000069,10,2024.0,31,,0.0,,253.53,41181.81,Outstanding,14,45,0,0.04,
100,1000,5000000069,2024,2,S,,,510000,S,96094.88,96094.88,USD,,,,,4500000069,10,,40,,0.0,,231.36,18406.4,Outstanding,30,60,60,1.52,
100,1000,5000000070,2024,1,K,V0005,,160000,H,60191.32,60191.32,USD,2024-06-14,N060,2024-06-19,CL5000000070,4500000070,10,2024.0,31,,0.0,U,277.16,41148.29,Cash discount,30,45,0,0.25,
100,1000,5000000070,2024,2,S,,,510000,S,60191.32,60191.32,USD,,,,,4500000070,10,,40,,0.0,,395.91,2176.37,Cash discount,10,60,60,0.47,
100,1000,5000000071,2024,1,K,V0005,,160000,H,45804.46,45804.46,USD,2024-06-07,N030,2024-07-01,CL5000000071,4500000071,10,2024.0,31,,0.0,C,447.94,35977.11,Outstanding,0,45,90,0.86,
100,1000,5000000071,2024,2,S,,,510000,S,45804.46,45804.46,USD,,,,,4500000071,10,,40,,0.0,,224.87,27363.03,Payment received,30,0,90,0.49,
100,1000,5000000071,2024,1,K,V0005,,160000,H,51739.38,51739.38,USD,2024-06-12,N030,2024-08-07,CL5000000071,4500000071,20,2024.0,31,,0.0,U,404.91,49489.81,Credit memo,20,60,0,0.16,
100,1000,5000000071,2024,2,S,,,510000,S,51739.38,51739.38,USD,,,,,4500000071,20,,40,,0.0,C,325.92,5210.58,,30,60,0,0.28,
100,1000,5000000072,2024,1,K,V0012,,160000,H,35296.11,35296.11,USD,2024-09-30,N060,2024-10-21,CL5000000072,4500000072,10,2024.0,31,,0.0,,160.76,41520.53,Cash discount,0,30,90,1.0,A
100,1000,5000000072,2024,2,S,,,510000,S,35296.11,35296.11,USD,,,,,4500000072,10,,40,,0.0,,237.81,37592.14,Payment received,0,45,60,0.4,B
100,1000,5000000073,2024,1,K,V0005,,160000,H,95337.3,95337.3,USD,2024-08-20,N030,2024-09-17,,4500000073,10,2024.0,31,,0.0,T,75.43,14955.68,Cash discount,0,60,60,0.75,
100,1000,5000000073,2024,2,S,,,510000,S,95337.3,95337.3,USD,,,,,4500000073,10,,40,,0.0,U,30.94,49965.7,Credit memo,0,60,0,1.28,
100,1000,5000000074,2024,1,K,V0007,,160000,H,17135.85,17135.85,USD,2024-04-12,N060,,CL5000000074,4500000074,10,,31,,0.0,,51.75,22541.64,Payment received,0,0,60,0.48,A
100,1000,5000000074,2024,2,S,,,510000,S,17135.85,17135.85,USD,,,,,4500000074,10,,40,,0.0,,449.56,17493.99,Outstanding,10,45,90,1.45,
100,1000,5000000075,2024,1,K,V0002,,160000,H,8989.66,8989.66,USD,2024-11-13,2/10N30,2024-11-20,,4500000075,10,2024.0,31,,2.0,,171.72,40854.76,,0,45,90,1.98,
100,1000,5000000075,2024,2,S,,,510000,S,8989.66,8989.66,USD,,,,,4500000075,10,,40,,0.0,T,357.16,22009.59,Credit memo,10,60,0,0.89,
100,1000,5000000076,2024,1,K,V0015,,160000,H,119021.4,119021.4,USD,2024-05-23,N014,2024-07-10,CL5000000076,4500000076,10,2024.0,31,,0.0,T,252.27,49698.49,Invoice clearing,30,45,0,1.75,
100,1000,5000000076,2024,2,S,,,510000,S,119021.4,119021.4,USD,,,,,4500000076,10,,40,,0.0,,86.28,38804.02,Credit memo,30,45,60,0.27,A
100,1000,5000000077,2024,1,K,V0009,,160000,H,78850.84,78850.84,USD,2024-03-18,N060,,CL5000000077,4500000077,10,,31,,0.0,U,123.87,11923.61,Bank transfer,10,45,90,0.64,B
100,1000,5000000077,2024,2,S,,,510000,S,78850.84,78850.84,USD,,,,,4500000077,10,,40,,0.0,C,218.88,40554.07,Cash discount,14,45,90,1.57,
100,1000,5000000078,2024,1,K,V0015,,160000,H,13589.4,13589.4,USD,2024-03-24,N030,2024-04-12,CL5000000078,4500000078,10,2024.0,31,,0.0,,219.71,29437.4,Invoice clearing,0,45,60,0.08,B
100,1000,5000000078,2024,2,S,,,510000,S,13589.4,13589.4,USD,,,,,4500000078,10,,40,,0.0,U,261.37,17596.48,Cash discount,0,30,0,1.58,
100,1000,5000000079,2024,1,K,V0005,,160000,H,159650.16,159650.16,USD,2024-09-07,N060,2024-10-06,CL5000000079,4500000079,10,2024.0,31,,0.0,C,79.37,35566.62,,30,30,0,0.83,
100,1000,5000000079,2024,2,S,,,510000,S,159650.16,159650.16,USD,,,,,4500000079,10,,40,,0.0,T,186.43,31675.25,,10,60,0,1.63,B
100,1000,5000000080,2024,1,K,V0005,,160000,H,9804.0,9804.0,USD,2024-10-13,N030,,CL5000000080,4500000080,10,,31,,0.0,B,141.45,8382.48,Invoice clearing,0,45,0,1.5,A
100,1000,5000000080,2024,2,S,,,510000,S,9804.0,9804.0,USD,,,,,4500000080,10,,40,,0.0,U,204.38,7047.82,Credit memo,30,0,0,0.46,A
100,1000,5000000081,2024,1,K,V0013,,160000,H,13954.74,13954.74,USD,2024-05-26,N060,2024-07-05,CL5000000081,4500000081,10,2024.0,31,,0.0,B,169.18,10410.32,Bank transfer,0,60,0,1.47,B
100,1000,5000000081,2024,2,S,,,510000,S,13954.74,13954.74,USD,,,,,4500000081,10,,40,,0.0,C,298.94,10426.44,Bank transfer,10,60,0,0.69,
100,1000,5000000082,2024,1,K,V0005,,160000,H,40863.36,40863.36,USD,2024-10-30,2/10N30,2024-11-13,CL5000000082,4500000082,10,2024.0,31,,2.0,U,394.61,3061.96,Credit memo,14,45,0,0.41,
100,1000,5000000082,2024,2,S,,,510000,S,40863.36,40863.36,USD,,,,,4500000082,10,,40,,0.0,B,323.65,17605.69,Credit memo,20,45,60,0.11,
100,1000,5000000083,2024,1,K,V0014,,160000,H,21946.99,21946.99,USD,2024-05-27,2/10N30,2024-06-27,CL5000000083,4500000083,10,2024.0,31,,2.0,B,32.96,14126.14,Credit memo,30,30,90,1.84,
100,1000,5000000083,2024,2,S,,,510000,S,21946.99,21946.99,USD,,,,,4500000083,10,,40,,0.0,,47.25,26984.55,Outstanding,30,60,90,1.98,A
100,1000,5000000084,2024,1,K,V0001,,160000,H,3644.03,3644.03,USD,2024-10-29,N014,2024-11-09,CL5000000084,4500000084,10,2024.0,31,,0.0,U,339.19,16250.32,Bank transfer,20,60,90,1.6,
100,1000,5000000084,2024,2,S,,,510000,S,3644.03,3644.03,USD,,,,,4500000084,10,,40,,0.0,B,142.07,35232.28,,20,45,0,1.39,
100,1000,5000000084,2024,1,K,V0001,,160000,H,35416.44,35416.44,USD,2024-10-31,N014,2024-12-04,CL5000000084,4500000084,20,2024.0,31,,0.0,,361.87,14537.73,Payment received,30,60,0,0.44,
100,1000,5000000084,2024,2,S,,,510000,S,35416.44,35416.44,USD,,,,,4500000084,20,,40,,0.0,,328.28,13440.42,Invoice clearing,14,0,0,1.75,
100,1000,5000000085,2024,1,K,V0014,,160000,H,78248.43,78248.43,USD,2024-09-24,N030,2024-10-13,CL5000000085,4500000085,10,2024.0,31,,0.0,U,453.17,42915.04,Credit memo,30,45,0,1.04,
100,1000,5000000085,2024,2,S,,,510000,S,78248.43,78248.43,USD,,,,,4500000085,10,,40,,0.0,B,436.64,49275.87,,20,60,60,0.37,
100,1000,5000000086,2024,1,K,V0005,,160000,H,143169.65,143169.65,USD,2024-03-04,N014,2024-04-02,CL5000000086,4500000086,10,2024.0,31,,0.0,,166.68,33997.04,Bank transfer,0,30,0,1.26,B
100,1000,5000000086,2024,2,S,,,510000,S,143169.65,143169.65,USD,,,,,4500000086,10,,40,,0.0,T,291.37,4851.74,Bank transfer,10,30,90,0.13,B
100,1000,5000000087,2024,1,K,V0004,,160000,H,124198.4,124198.4,USD,2024-04-11,2/10N30,2024-06-06,,4500000087,10,2024.0,31,,2.0,U,70.71,48142.32,Payment received,0,0,0,0.98,B
100,1000,5000000087,2024,2,S,,,510000,S,124198.4,124198.4,USD,,,,,4500000087,10,,40,,0.0,T,174.91,39305.98,Credit memo,14,0,0,1.91,B
100,1000,5000000088,2024,1,K,V0012,,160000,H,107578.24,107578.24,USD,2024-08-01,2/10N30,,,4500000088,10,,31,,2.0,,483.85,45946.56,,30,45,60,0.1,
100,1000,5000000088,2024,2,S,,,510000,S,107578.24,107578.24,USD,,,,,4500000088,10,,40,,0.0,,349.24,49625.06,Invoice clearing,30,0,60,1.98,A
100,1000,5000000089,2024,1,K,V0010,,160000,H,205004.6,205004.6,USD,2024-09-05,N030,2024-09-29,,4500000089,10,2024.0,31,,0.0,T,195.98,43365.67,,10,60,90,1.88,
100,1000,5000000089,2024,2,S,,,510000,S,205004.6,205004.6,USD,,,,,4500000089,10,,40,,0.0,B,297.52,6431.72,Outstanding,0,45,0,0.25,
100,1000,5000000090,2024,1,K,V0007,,160000,H,31851.82,31851.82,USD,2024-07-24,N014,2024-09-18,CL5000000090,4500000090,10,2024.0,31,,0.0,C,469.0,43317.33,Outstanding,10,30,0,0.35,
100,1000,5000000090,2024,2,S,,,510000,S,31851.82,31851.82,USD,,,,,4500000090,10,,40,,0.0,,154.79,12558.89,Payment received,14,60,60,1.1,
100,1000,5000000091,2024,1,K,V0011,,160000,H,234100.44,234100.44,USD,2024-06-04,N014,2024-07-31,CL5000000091,4500000091,10,2024.0,31,,0.0,T,188.34,35598.6,Credit memo,0,60,90,1.59,B
100,1000,5000000091,2024,2,S,,,510000,S,234100.44,234100.44,USD,,,,,4500000091,10,,40,,0.0,,395.83,41441.24,,0,0,90,0.41,A
100,1000,5000000092,2024,1,K,V0012,,160000,H,81684.15,81684.15,USD,2024-04-14,2/10N30,2024-05-17,CL5000000092,4500000092,10,2024.0,31,,2.0,,406.59,38097.53,,14,60,60,1.01,
100,1000,5000000092,2024,2,S,,,510000,S,81684.15,81684.15,USD,,,,,4500000092,10,,40,,0.0,T,335.06,33844.1,Payment received,30,45,60,0.85,A
100,1000,5000000093,2024,1,K,V0014,,160000,H,30747.36,30747.36,USD,2024-03-23,N030,2024-04-11,CL5000000093,4500000093,10,2024.0,31,,0.0,,414.48,24523.99,Outstanding,30,0,0,0.93,
100,1000,5000000093,2024,2,S,,,510000,S,30747.36,30747.36,USD,,,,,4500000093,10,,40,,0.0,T,369.39,28913.53,Bank transfer,20,60,90,0.33,
100,1000,5000000093,2024,1,K,V0014,,160000,H,38539.26,38539.26,USD,2024-03-23,N030,2024-04-15,,4500000093,20,2024.0,31,,0.0,C,342.71,13508.99,Credit memo,30,30,90,0.4,B
100,1000,5000000093,2024,2,S,,,510000,S,38539.26,38539.26,USD,,,,,4500000093,20,,40,,0.0,C,263.2,20769.83,Invoice clearing,10,0,60,0.85,B
100,1000,5000000094,2024,1,K,V0012,,160000,H,54602.1,54602.1,USD,2024-06-10,N014,2024-08-08,CL5000000094,4500000094,10,2024.0,31,,0.0,,323.01,22654.39,Invoice clearing,14,30,60,1.21,
100,1000,5000000094,2024,2,S,,,510000,S,54602.1,54602.1,USD,,,,,4500000094,10,,40,,0.0,T,211.7,31718.03,Cash discount,30,45,60,0.61,
100,1000,5000000095,2024,1,K,V0012,,160000,H,20879.04,20879.04,USD,2024-09-23,N060,2024-10-22,CL5000000095,4500000095,10,2024.0,31,,0.0,,180.91,44018.24,Payment received,0,30,90,1.15,B
100,1000,5000000095,2024,2,S,,,510000,S,20879.04,20879.04,USD,,,,,4500000095,10,,40,,0.0,C,181.3,4745.43,Invoice clearing,14,60,60,1.94,A
100,1000,5000000096,2024,1,K,V0013,,160000,H,60143.91,60143.91,USD,2024-08-06,N060,2024-10-04,CL5000000096,4500000096,10,2024.0,31,,0.0,C,90.13,25829.11,Bank transfer,30,30,90,0.4,
100,1000,5000000096,2024,2,S,,,510000,S,60143.91,60143.91,USD,,,,,4500000096,10,,40,,0.0,C,107.1,13983.46,Bank transfer,10,0,60,1.72,
100,1000,5000000097,2024,1,K,V0005,,160000,H,34978.0,34978.0,USD,2024-04-22,N060,2024-06-06,CL5000000097,4500000097,10,2024.0,31,,0.0,U,473.83,46823.17,,20,45,90,0.96,
100,1000,5000000097,2024,2,S,,,510000,S,34978.0,34978.0,USD,,,,,4500000097,10,,40,,0.0,,243.14,18516.65,Invoice clearing,20,0,60,1.9,
100,1000,5000000097,2024,1,K,V0005,,160000,H,13873.17,13873.17,USD,2024-04-20,N060,2024-05-03,CL5000000097,4500000097,20,2024.0,31,,0.0,T,113.27,47517.68,Bank transfer,14,60,90,0.72,B
100,1000,5000000097,2024,2,S,,,510000,S,13873.17,13873.17,USD,,,,,4500000097,20,,40,,0.0,,68.78,16431.74,,10,30,0,0.76,
100,1000,5000000098,2024,1,K,V0008,,160000,H,114794.26,114794.26,USD,2024-10-13,2/10N30,2024-12-06,CL5000000098,4500000098,10,2024.0,31,,2.0,C,38.58,223.41,Invoice clearing,10,60,0,0.94,A
100,1000,5000000098,2024,2,S,,,510000,S,114794.26,114794.26,USD,,,,,4500000098,10,,40,,0.0,U,422.21,38729.35,Cash discount,10,30,90,0.85,
100,1000,5000000098,2024,1,K,V0008,,160000,H,6064.8,6064.8,USD,2024-10-13,2/10N30,2024-12-05,CL5000000098,4500000098,20,2024.0,31,,2.0,,50.57,36662.93,Payment received,30,45,0,1.22,A
100,1000,5000000098,2024,2,S,,,510000,S,6064.8,6064.8,USD,,,,,4500000098,20,,40,,0.0,B,385.44,36573.5,,20,45,0,0.87,
100,1000,5000000099,2024,1,K,V0005,,160000,H,65205.14,65205.14,USD,2024-06-29,N030,2024-08-09,CL5000000099,4500000099,10,2024.0,31,,0.0,,417.56,22976.62,Credit memo,10,60,0,0.31,
100,1000,5000000099,2024,2,S,,,510000,S,65205.14,65205.14,USD,,,,,4500000099,10,,40,,0.0,B,441.84,33240.78,Payment received,0,45,90,1.91,
100,1000,5000000100,2024,1,K,V0012,,160000,H,215685.6,215685.6,USD,2024-04-14,N014,2024-05-20,CL5000000100,4500000100,10,2024.0,31,,0.0,C,18.87,17975.31,Invoice clearing,30,30,90,0.96,
100,1000,5000000100,2024,2,S,,,510000,S,215685.6,215685.6,USD,,,,,4500000100,10,,40,,0.0,,168.38,3260.2,Invoice clearing,0,30,0,1.52,
100,1000,5000000101,2024,1,K,V0008,,160000,H,1905.7,1905.7,USD,2024-07-19,2/10N30,2024-08-06,CL5000000101,4500000101,10,2024.0,31,,2.0,,383.15,26767.78,Payment received,0,0,90,0.85,
100,1000,5000000101,2024,2,S,,,510000,S,1905.7,1905.7,USD,,,,,4500000101,10,,40,,0.0,,65.52,10969.71,Cash discount,14,30,0,0.17,B
100,1000,5000000102,2024,1,K,V0003,,160000,H,30547.75,30547.75,USD,2024-04-17,N030,,CL5000000102,4500000102,10,,31,,0.0,,188.36,21539.19,Outstanding,30,0,90,1.81,
100,1000,5000000102,2024,2,S,,,510000,S,30547.75,30547.75,USD,,,,,4500000102,10,,40,,0.0,T,81.12,10671.39,Invoice clearing,0,45,90,0.6,
100,1000,5000000102,2024,1,K,V0003,,160000,H,28273.44,28273.44,USD,2024-04-25,N030,2024-05-27,,4500000102,20,2024.0,31,,0.0,,415.67,13499.99,Bank transfer,30,0,0,1.07,
100,1000,5000000102,2024,2,S,,,510000,S,28273.44,28273.44,USD,,,,,4500000102,20,,40,,0.0,,385.55,41434.35,Outstanding,10,60,90,1.11,
100,1000,5000000103,2024,1,K,V0003,,160000,H,29778.33,29778.33,USD,2024-03-08,2/10N30,2024-03-19,CL5000000103,4500000103,10,2024.0,31,,2.0,C,404.52,16953.98,,14,30,0,0.35,
100,1000,5000000103,2024,2,S,,,510000,S,29778.33,29778.33,USD,,,,,4500000103,10,,40,,0.0,B,82.77,28938.89,,20,60,90,0.76,A
100,1000,5000000104,2024,1,K,V0014,,160000,H,82261.74,82261.74,USD,2024-03-16,N060,2024-03-29,CL5000000104,4500000104,10,2024.0,31,,0.0,T,218.84,28350.49,,0,0,60,0.61,
100,1000,5000000104,2024,2,S,,,510000,S,82261.74,82261.74,USD,,,,,4500000104,10,,40,,0.0,,205.43,24318.36,,14,45,60,0.57,A
100,1000,5000000105,2024,1,K,V0006,,160000,H,141363.5,141363.5,USD,2024-08-18,N030,2024-09-10,CL5000000105,4500000105,10,2024.0,31,,0.0,T,338.18,17252.61,,14,0,0,1.12,
100,1000,5000000105,2024,2,S,,,510000,S,141363.5,141363.5,USD,,,,,4500000105,10,,40,,0.0,B,118.77,34159.34,Credit memo,14,60,60,0.96,A
100,1000,5000000106,2024,1,K,V0007,,160000,H,84220.0,84220.0,USD,2024-03-04,N030,,CL5000000106,4500000106,10,,31,,0.0,,222.1,2515.62,Payment received,14,0,90,0.67,
100,1000,5000000106,2024,2,S,,,510000,S,84220.0,84220.0,USD,,,,,4500000106,10,,40,,0.0,,142.46,5068.78,,10,60,0,1.43,
100,1000,5000000107,2024,1,K,V0013,,160000,H,23153.13,23153.13,USD,2024-10-22,2/10N30,2024-11-21,CL5000000107,4500000107,10,2024.0,31,,2.0,U,374.27,39216.1,Invoice clearing,30,30,90,0.39,B
100,1000,5000000107,2024,2,S,,,510000,S,23153.13,23153.13,USD,,,,,4500000107,10,,40,,0.0,U,224.46,23033.13,Payment received,20,60,60,1.83,A
100,1000,5000000108,2024,1,K,V0004,,160000,H,60495.66,60495.66,USD,2024-10-29,2/10N30,2024-11-25,,4500000108,10,2024.0,31,,2.0,,267.01,6299.44,Invoice clearing,20,60,0,0.01,
100,1000,5000000108,2024,2,S,,,510000,S,60495.66,60495.66,USD,,,,,4500000108,10,,40,,0.0,C,154.73,42896.81,Payment received,30,60,0,1.72,
100,1000,5000000108,2024,1,K,V0004,,160000,H,51772.0,51772.0,USD,2024-11-08,2/10N30,2024-12-16,CL5000000108,4500000108,20,2024.0,31,,2.0,T,404.31,22120.17,Invoice clearing,20,60,0,1.46,
100,1000,5000000108,2024,2,S,,,510000,S,51772.0,51772.0,USD,,,,,4500000108,20,,40,,0.0,,234.51,133.73,Credit memo,14,0,60,0.75,A
100,1000,5000000109,2024,1,K,V0008,,160000,H,174345.91,174345.91,USD,2024-05-05,N030,2024-06-02,CL5000000109,4500000109,10,2024.0,31,,0.0,,417.56,47905.79,Invoice clearing,10,30,0,0.81,A
100,1000,5000000109,2024,2,S,,,510000,S,174345.91,174345.91,USD,,,,,4500000109,10,,40,,0.0,,183.92,10195.68,Outstanding,14,45,60,0.83,B
100,1000,5000000109,2024,1,K,V0008,,160000,H,3878.64,3878.64,USD,2024-05-05,N030,2024-06-05,,4500000109,20,2024.0,31,,0.0,,473.57,34460.73,Outstanding,14,0,90,0.79,
100,1000,5000000109,2024,2,S,,,510000,S,3878.64,3878.64,USD,,,,,4500000109,20,,40,,0.0,C,492.22,6682.46,Invoice clearing,10,0,90,1.48,A
100,1000,5000000110,2024,1,K,V0009,,160000,H,62747.56,62747.56,USD,2024-03-30,N060,2024-04-16,CL5000000110,4500000110,10,2024.0,31,,0.0,T,230.84,32534.86,Outstanding,0,0,60,0.77,
100,1000,5000000110,2024,2,S,,,510000,S,62747.56,62747.56,USD,,,,,4500000110,10,,40,,0.0,,140.89,8032.98,,20,60,0,0.62,B
100,1000,5000000111,2024,1,K,V0008,,160000,H,22289.0,22289.0,USD,2024-06-29,N060,2024-07-17,CL5000000111,4500000111,10,2024.0,31,,0.0,,190.94,46643.01,,10,45,60,1.98,B
100,1000,5000000111,2024,2,S,,,510000,S,22289.0,22289.0,USD,,,,,4500000111,10,,40,,0.0,B,263.73,13773.57,,30,0,0,0.14,
100,1000,5000000112,2024,1,K,V0003,,160000,H,3136.12,3136.12,USD,2024-12-08,N030,2024-12-28,CL5000000112,4500000112,10,2024.0,31,,0.0,,483.13,32763.94,Payment received,30,0,90,1.77,
100,1000,5000000112,2024,2,S,,,510000,S,3136.12,3136.12,USD,,,,,4500000112,10,,40,,0.0,,408.45,12594.42,,30,45,60,1.98,
100,1000,5000000112,2024,1,K,V0003,,160000,H,30658.16,30658.16,USD,2024-12-14,N030,2024-12-27,CL5000000112,4500000112,20,2024.0,31,,0.0,,400.63,18655.0,Cash discount,0,30,0,0.25,A
100,1000,5000000112,2024,2,S,,,510000,S,30658.16,30658.16,USD,,,,,4500000112,20,,40,,0.0,,69.2,45199.63,Bank transfer,10,45,90,1.86,B
100,1000,5000000113,2024,1,K,V0009,,160000,H,30116.79,30116.79,USD,2024-06-18,N014,2024-07-18,CL5000000113,4500000113,10,2024.0,31,,0.0,T,125.0,8359.7,Cash discount,0,45,60,0.32,A
100,1000,5000000113,2024,2,S,,,510000,S,30116.79,30116.79,USD,,,,,4500000113,10,,40,,0.0,,320.59,19877.44,,30,60,60,1.53,
100,1000,5000000114,2024,1,K,V0001,,160000,H,15706.8,15706.8,USD,2024-09-28,N060,2024-11-09,,4500000114,10,2024.0,31,,0.0,,437.06,15344.91,Outstanding,14,0,90,1.91,
100,1000,5000000114,2024,2,S,,,510000,S,15706.8,15706.8,USD,,,,,4500000114,10,,40,,0.0,,277.27,35002.12,Cash discount,14,60,0,1.54,B
100,1000,5000000115,2024,1,K,V0004,,160000,H,26790.4,26790.4,USD,2024-04-25,N030,2024-05-11,CL5000000115,4500000115,10,2024.0,31,,0.0,T,51.29,11783.78,Outstanding,0,30,90,1.5,
100,1000,5000000115,2024,2,S,,,510000,S,26790.4,26790.4,USD,,,,,4500000115,10,,40,,0.0,B,422.95,32808.71,Credit memo,30,0,60,0.7,
100,1000,5000000115,2024,1,K,V0004,,160000,H,31327.5,31327.5,USD,2024-05-05,N030,2024-05-13,,4500000115,20,2024.0,31,,0.0,,425.58,35214.53,Payment received,30,30,0,1.42,B
100,1000,5000000115,2024,2,S,,,510000,S,31327.5,31327.5,USD,,,,,4500000115,20,,40,,0.0,U,142.53,154.21,Cash discount,30,30,60,1.27,
100,1000,5000000116,2024,1,K,V0015,,160000,H,112930.87,112930.87,USD,2024-09-29,N030,,CL5000000116,4500000116,10,,31,,0.0,,381.56,23892.65,Invoice clearing,30,0,60,0.74,
100,1000,5000000116,2024,2,S,,,510000,S,112930.87,112930.87,USD,,,,,4500000116,10,,40,,0.0,B,136.4,6721.72,Payment received,10,60,90,0.12,
100,1000,5000000117,2024,1,K,V0013,,160000,H,17166.6,17166.6,USD,2024-08-06,N030,2024-09-17,CL5000000117,4500000117,10,2024.0,31,,0.0,T,452.65,11386.92,Payment received,0,0,90,0.77,
100,1000,5000000117,2024,2,S,,,510000,S,17166.6,17166.6,USD,,,,,4500000117,10,,40,,0.0,,73.67,34031.14,,0,45,90,0.85,A
100,1000,5000000117,2024,1,K,V0013,,160000,H,26405.15,26405.15,USD,2024-08-16,N030,,CL5000000117,4500000117,20,,31,,0.0,,218.74,563.42,Invoice clearing,10,0,90,0.49,
100,1000,5000000117,2024,2,S,,,510000,S,26405.15,26405.15,USD,,,,,4500000117,20,,40,,0.0,B,473.21,34810.3,Outstanding,14,45,90,0.96,B
100,1000,5000000118,2024,1,K,V0009,,160000,H,71469.44,71469.44,USD,2024-08-06,N060,2024-09-03,CL5000000118,4500000118,10,2024.0,31,,0.0,T,111.02,40873.74,Bank transfer,0,45,90,1.84,A
100,1000,5000000118,2024,2,S,,,510000,S,71469.44,71469.44,USD,,,,,4500000118,10,,40,,0.0,,225.56,49408.93,Credit memo,20,45,60,0.72,
100,1000,5000000119,2024,1,K,V0003,,160000,H,47278.44,47278.44,USD,2024-09-12,2/10N30,2024-11-02,CL5000000119,4500000119,10,2024.0,31,,2.0,U,174.79,21173.47,Bank transfer,0,0,60,1.41,
100,1000,5000000119,2024,2,S,,,510000,S,47278.44,47278.44,USD,,,,,4500000119,10,,40,,0.0,,13.34,6695.54,,0,60,60,0.06,A
100,1000,5000000120,2024,1,K,V0013,,160000,H,37013.48,37013.48,USD,2024-06-27,N014,2024-07-30,CL5000000120,4500000120,10,2024.0,31,,0.0,U,26.63,3634.33,Cash discount,14,0,0,1.33,A
100,1000,5000000120,2024,2,S,,,510000,S,37013.48,37013.48,USD,,,,,4500000120,10,,40,,0.0,T,251.0,19215.19,Cash discount,10,30,90,0.3,
100,1000,5000000121,2024,1,K,V0007,,160000,H,80727.28,80727.28,USD,2024-11-05,N060,,CL5000000121,4500000121,10,,31,,0.0,U,117.89,36565.09,Cash discount,14,60,60,1.21,
100,1000,5000000121,2024,2,S,,,510000,S,80727.28,80727.28,USD,,,,,4500000121,10,,40,,0.0,B,497.26,5211.12,Bank transfer,14,60,90,1.89,A
100,1000,5000000121,2024,1,K,V0007,,160000,H,1413.0,1413.0,USD,2024-11-11,N060,2024-12-27,CL5000000121,4500000121,20,2024.0,31,,0.0,,187.46,15736.24,Outstanding,10,0,90,0.29,A
100,1000,5000000121,2024,2,S,,,510000,S,1413.0,1413.0,USD,,,,,4500000121,20,,40,,0.0,,14.09,44061.35,Bank transfer,20,0,60,0.49,B
100,1000,5000000122,2024,1,K,V0012,,160000,H,9865.78,9865.78,USD,2024-07-10,N014,2024-07-20,CL5000000122,4500000122,10,2024.0,31,,0.0,U,465.41,6942.75,Invoice clearing,10,45,60,1.16,A
100,1000,5000000122,2024,2,S,,,510000,S,9865.78,9865.78,USD,,,,,4500000122,10,,40,,0.0,,419.59,38695.68,Cash discount,14,30,0,1.33,
100,1000,5000000123,2024,1,K,V0002,,160000,H,95100.2,95100.2,USD,2024-10-20,N014,2024-11-17,CL5000000123,4500000123,10,2024.0,31,,0.0,C,324.98,37682.57,Payment received,10,30,90,0.32,
100,1000,5000000123,2024,2,S,,,510000,S,95100.2,95100.2,USD,,,,,4500000123,10,,40,,0.0,U,395.69,6744.0,,0,45,60,0.23,
100,1000,5000000124,2024,1,K,V0008,,160000,H,86417.1,86417.1,USD,2024-05-09,N030,,CL5000000124,4500000124,10,,31,,0.0,C,68.8,49647.71,Invoice clearing,0,60,60,0.18,
100,1000,5000000124,2024,2,S,,,510000,S,86417.1,86417.1,USD,,,,,4500000124,10,,40,,0.0,,143.44,7228.37,Outstanding,20,60,0,1.42,A
100,1000,5000000124,2024,1,K,V0008,,160000,H,2793.36,2793.36,USD,2024-04-26,N030,2024-05-12,CL5000000124,4500000124,20,2024.0,31,,0.0,,414.88,26572.36,Invoice clearing,20,0,90,0.77,A
100,1000,5000000124,2024,2,S,,,510000,S,2793.36,2793.36,USD,,,,,4500000124,20,,40,,0.0,,348.04,522.89,Outstanding,10,30,60,1.41,
100,1000,5000000125,2024,1,K,V0014,,160000,H,120759.75,120759.75,USD,2024-04-29,N014,,CL5000000125,4500000125,10,,31,,0.0,B,69.4,32536.01,Invoice clearing,10,60,60,1.95,A
100,1000,5000000125,2024,2,S,,,510000,S,120759.75,120759.75,USD,,,,,4500000125,10,,40,,0.0,,352.77,22060.96,Bank transfer,10,0,90,0.16,
100,1000,5000000126,2024,1,K,V0002,,160000,H,102964.17,102964.17,USD,2024-08-17,N014,,CL5000000126,4500000126,10,,31,,0.0,,224.3,36149.36,,30,45,90,1.82,
100,1000,5000000126,2024,2,S,,,510000,S,102964.17,102964.17,USD,,,,,4500000126,10,,40,,0.0,,2.63,31441.19,Credit memo,14,0,0,1.75,
100,1000,5000000126,2024,1,K,V0002,,160000,H,3517.2,3517.2,USD,2024-08-20,N014,2024-09-02,CL5000000126,4500000126,20,2024.0,31,,0.0,,39.61,7653.57,Credit memo,14,45,90,0.33,
100,1000,5000000126,2024,2,S,,,510000,S,3517.2,3517.2,USD,,,,,4500000126,20,,40,,0.0,U,127.96,20644.32,Cash discount,20,30,0,0.85,B
100,1000,5000000127,2024,1,K,V0011,,160000,H,7245.22,7245.22,USD,2024-11-20,N060,2024-12-06,CL5000000127,4500000127,10,2024.0,31,,0.0,U,417.48,34359.65,Bank transfer,0,30,90,1.38,A
100,1000,5000000127,2024,2,S,,,510000,S,7245.22,7245.22,USD,,,,,4500000127,10,,40,,0.0,U,274.4,43012.13,Invoice clearing,0,60,90,1.0,
100,1000,5000000127,2024,1,K,V0011,,160000,H,10152.54,10152.54,USD,2024-11-16,N060,2024-12-23,,4500000127,20,2024.0,31,,0.0,,363.62,4425.73,Outstanding,0,0,90,1.07,A
100,1000,5000000127,2024,2,S,,,510000,S,10152.54,10152.54,USD,,,,,4500000127,20,,40,,0.0,,263.89,5113.21,Invoice clearing,0,30,90,1.77,
100,1000,5000000128,2024,1,K,V0003,,160000,H,26671.32,26671.32,USD,2024-05-15,N014,2024-07-02,CL5000000128,4500000128,10,2024.0,31,,0.0,,55.59,37647.04,Bank transfer,14,60,0,1.17,
100,1000,5000000128,2024,2,S,,,510000,S,26671.32,26671.32,USD,,,,,4500000128,10,,40,,0.0,B,144.05,29519.74,Credit memo,30,0,0,1.47,A
100,1000,5000000129,2024,1,K,V0015,,160000,H,157270.96,157270.96,USD,2024-07-03,N030,2024-07-27,,4500000129,10,2024.0,31,,0.0,B,150.58,19263.19,,0,0,60,1.5,
100,1000,5000000129,2024,2,S,,,510000,S,157270.96,157270.96,USD,,,,,4500000129,10,,40,,0.0,,23.87,48166.11,,20,60,60,1.85,B
100,1000,5000000130,2024,1,K,V0014,,160000,H,160001.66,160001.66,USD,2024-03-30,N014,2024-04-07,CL5000000130,4500000130,10,2024.0,31,,0.0,C,209.91,15793.73,Credit memo,10,0,0,1.74,
100,1000,5000000130,2024,2,S,,,510000,S,160001.66,160001.66,USD,,,,,4500000130,10,,40,,0.0,,396.95,7077.53,Outstanding,10,30,0,0.22,A
100,1000,5000000131,2024,1,K,V0011,,160000,H,103637.1,103637.1,USD,2024-09-02,2/10N30,2024-10-09,CL5000000131,4500000131,10,2024.0,31,,2.0,T,228.56,13920.69,Cash discount,20,60,90,1.15,
100,1000,5000000131,2024,2,S,,,510000,S,103637.1,103637.1,USD,,,,,4500000131,10,,40,,0.0,B,55.43,4304.01,Credit memo,20,30,90,1.6,
100,1000,5000000132,2024,1,K,V0003,,160000,H,9940.86,9940.86,USD,2024-05-31,N060,2024-07-29,CL5000000132,4500000132,10,2024.0,31,,0.0,U,452.57,27714.49,Credit memo,20,60,0,1.63,
100,1000,5000000132,2024,2,S,,,510000,S,9940.86,9940.86,USD,,,,,4500000132,10,,40,,0.0,C,298.37,30040.39,,30,45,90,0.54,B
100,1000,5000000133,2024,1,K,V0010,,160000,H,15428.88,15428.88,USD,2024-09-11,N030,2024-11-10,CL5000000133,4500000133,10,2024.0,31,,0.0,,8.22,30418.9,Cash discount,10,30,60,0.42,
100,1000,5000000133,2024,2,S,,,510000,S,15428.88,15428.88,USD,,,,,4500000133,10,,40,,0.0,U,257.69,38970.59,Payment received,30,45,0,1.5,B
100,1000,5000000134,2024,1,K,V0003,,160000,H,110160.05,110160.05,USD,2024-07-05,N030,,CL5000000134,4500000134,10,,31,,0.0,,120.97,34554.76,Credit memo,0,60,90,1.4,A
100,1000,5000000134,2024,2,S,,,510000,S,110160.05,110160.05,USD,,,,,4500000134,10,,40,,0.0,,71.79,42409.82,Bank transfer,10,0,60,0.01,
100,1000,5000000135,2024,1,K,V0001,,160000,H,49025.32,49025.32,USD,2024-08-03,N060,2024-09-20,CL5000000135,4500000135,10,2024.0,31,,0.0,,214.62,32954.43,Bank transfer,20,45,0,0.34,
100,1000,5000000135,2024,2,S,,,510000,S,49025.32,49025.32,USD,,,,,4500000135,10,,40,,0.0,U,307.4,15152.3,,30,60,0,0.98,A
100,1000,5000000135,2024,1,K,V0001,,160000,H,12164.56,12164.56,USD,2024-07-24,N060,,CL5000000135,4500000135,20,,31,,0.0,B,120.28,25935.68,Outstanding,14,45,0,0.19,A
100,1000,5000000135,2024,2,S,,,510000,S,12164.56,12164.56,USD,,,,,4500000135,20,,40,,0.0,T,208.28,25525.18,Credit memo,10,30,90,1.55,
100,1000,5000000136,2024,1,K,V0009,,160000,H,74548.56,74548.56,USD,2024-04-14,N030,2024-06-02,CL5000000136,4500000136,10,2024.0,31,,0.0,U,332.19,37417.4,Cash discount,20,60,90,0.84,
100,1000,5000000136,2024,2,S,,,510000,S,74548.56,74548.56,USD,,,,,4500000136,10,,40,,0.0,,42.81,14847.55,Credit memo,20,60,60,0.83,
100,1000,5000000137,2024,1,K,V0015,,160000,H,11543.16,11543.16,USD,2024-05-01,N030,2024-06-10,CL5000000137,4500000137,10,2024.0,31,,0.0,B,487.33,2823.0,,0,0,90,0.58,
100,1000,5000000137,2024,2,S,,,510000,S,11543.16,11543.16,USD,,,,,4500000137,10,,40,,0.0,C,33.84,44905.84,,30,60,90,0.86,A
100,1000,5000000138,2024,1,K,V0004,,160000,H,95147.55,95147.55,USD,2024-11-19,N030,,CL5000000138,4500000138,10,,31,,0.0,U,263.03,47738.11,,0,30,0,0.35,
100,1000,5000000138,2024,2,S,,,510000,S,95147.55,95147.55,USD,,,,,4500000138,10,,40,,0.0,C,253.66,24794.9,Credit memo,14,60,60,0.37,
100,1000,5000000139,2024,1,K,V0012,,160000,H,67622.66,67622.66,USD,2024-05-16,N030,2024-06-19,CL5000000139,4500000139,10,2024.0,31,,0.0,B,494.17,5725.91,Outstanding,14,60,0,0.27,
100,1000,5000000139,2024,2,S,,,510000,S,67622.66,67622.66,USD,,,,,4500000139,10,,40,,0.0,,277.08,25029.17,,0,30,90,0.97,
100,1000,5000000140,2024,1,K,V0007,,160000,H,112655.07,112655.07,USD,2024-03-08,N060,2024-05-07,CL5000000140,4500000140,10,2024.0,31,,0.0,B,195.23,29737.1,Invoice clearing,10,45,0,1.01,
100,1000,5000000140,2024,2,S,,,510000,S,112655.07,112655.07,USD,,,,,4500000140,10,,40,,0.0,B,235.07,26461.5,Cash discount,10,45,90,0.22,
100,1000,5000000141,2024,1,K,V0008,,160000,H,140391.79,140391.79,USD,2024-12-15,N014,,CL5000000141,4500000141,10,,31,,0.0,B,317.84,48887.08,Invoice clearing,0,30,0,1.13,
100,1000,5000000141,2024,2,S,,,510000,S,140391.79,140391.79,USD,,,,,4500000141,10,,40,,0.0,,490.52,49345.44,Outstanding,0,45,60,0.43,A
100,1000,5000000142,2024,1,K,V0008,,160000,H,38702.37,38702.37,USD,2024-06-28,2/10N30,2024-07-08,,4500000142,10,2024.0,31,,2.0,,126.83,46702.83,Cash discount,10,60,60,0.4,
100,1000,5000000142,2024,2,S,,,510000,S,38702.37,38702.37,USD,,,,,4500000142,10,,40,,0.0,B,8.12,6685.95,Bank transfer,30,60,0,1.5,
100,1000,5000000142,2024,1,K,V0008,,160000,H,2539.5,2539.5,USD,2024-06-15,2/10N30,2024-08-09,CL5000000142,4500000142,20,2024.0,31,,2.0,,394.26,43054.62,Outstanding,0,60,60,1.62,A
100,1000,5000000142,2024,2,S,,,510000,S,2539.5,2539.5,USD,,,,,4500000142,20,,40,,0.0,T,172.4,28462.18,Invoice clearing,20,60,0,0.38,A
100,1000,5000000143,2024,1,K,V0008,,160000,H,80346.42,80346.42,USD,2024-08-23,N060,2024-10-20,CL5000000143,4500000143,10,2024.0,31,,0.0,,366.47,18334.08,Invoice clearing,30,60,0,1.97,B
100,1000,5000000143,2024,2,S,,,510000,S,80346.42,80346.42,USD,,,,,4500000143,10,,40,,0.0,C,314.13,34178.81,Payment received,0,30,0,1.74,
100,1000,5000000144,2024,1,K,V0012,,160000,H,47491.85,47491.85,USD,2024-05-14,N030,2024-06-17,,4500000144,10,2024.0,31,,0.0,T,385.75,38160.02,Payment received,20,60,90,0.88,
100,1000,5000000144,2024,2,S,,,510000,S,47491.85,47491.85,USD,,,,,4500000144,10,,40,,0.0,C,367.59,47727.2,,20,45,0,1.83,
100,1000,5000000145,2024,1,K,V0009,,160000,H,60854.0,60854.0,USD,2024-05-07,N060,2024-06-02,,4500000145,10,2024.0,31,,0.0,,166.26,38541.32,Bank transfer,0,30,0,0.22,
100,1000,5000000145,2024,2,S,,,510000,S,60854.0,60854.0,USD,,,,,4500000145,10,,40,,0.0,U,22.17,932.8,Payment received,0,45,60,1.27,
100,1000,5000000146,2024,1,K,V0012,,160000,H,124718.4,124718.4,USD,2024-06-07,N014,2024-07-17,CL5000000146,4500000146,10,2024.0,31,,0.0,U,273.01,3469.88,Outstanding,0,60,0,0.16,A
100,1000,5000000146,2024,2,S,,,510000,S,124718.4,124718.4,USD,,,,,4500000146,10,,40,,0.0,,406.75,13183.05,,20,60,0,0.17,
100,1000,5000000147,2024,1,K,V0011,,160000,H,27412.02,27412.02,USD,2024-10-25,2/10N30,2024-12-13,CL5000000147,4500000147,10,2024.0,31,,2.0,,87.54,2087.36,Cash discount,14,0,60,0.25,
100,1000,5000000147,2024,2,S,,,510000,S,27412.02,27412.02,USD,,,,,4500000147,10,,40,,0.0,C,389.57,3117.4,Credit memo,0,0,60,0.13,
100,1000,5000000148,2024,1,K,V0008,,160000,H,140440.0,140440.0,USD,2024-10-21,N060,2024-12-12,CL5000000148,4500000148,10,2024.0,31,,0.0,,232.31,39485.57,,0,60,0,0.06,
100,1000,5000000148,2024,2,S,,,510000,S,140440.0,140440.0,USD,,,,,4500000148,10,,40,,0.0,U,347.69,25379.87,Bank transfer,30,45,0,0.47,
100,1000,5000000149,2024,1,K,V0008,,160000,H,14928.76,14928.76,USD,2024-06-24,N014,2024-07-26,,4500000149,10,2024.0,31,,0.0,,315.87,31465.68,Outstanding,0,30,0,0.97,A
100,1000,5000000149,2024,2,S,,,510000,S,14928.76,14928.76,USD,,,,,4500000149,10,,40,,0.0,,405.75,25102.34,Cash discount,30,45,60,1.52,A
100,1000,5000000150,2024,1,K,V0005,,160000,H,123091.27,123091.27,USD,2024-06-06,N060,2024-07-14,CL5000000150,4500000150,10,2024.0,31,,0.0,U,31.55,20830.06,,30,45,0,0.02,A
100,1000,5000000150,2024,2,S,,,510000,S,123091.27,123091.27,USD,,,,,4500000150,10,,40,,0.0,U,388.1,35120.35,Invoice clearing,14,45,0,0.53,B
100,1000,5000000151,2024,1,K,V0007,,160000,H,44319.6,44319.6,USD,2024-08-17,N060,2024-08-24,CL5000000151,4500000151,10,2024.0,31,,0.0,,228.84,4213.15,,0,45,60,1.91,
100,1000,5000000151,2024,2,S,,,510000,S,44319.6,44319.6,USD,,,,,4500000151,10,,40,,0.0,T,146.72,26874.58,Credit memo,14,30,90,1.33,A
100,1000,5000000152,2024,1,K,V0015,,160000,H,8408.45,8408.45,USD,2024-03-26,2/10N30,2024-05-12,CL5000000152,4500000152,10,2024.0,31,,2.0,T,21.9,30840.75,Payment received,20,0,0,1.58,
100,1000,5000000152,2024,2,S,,,510000,S,8408.45,8408.45,USD,,,,,4500000152,10,,40,,0.0,B,99.73,13945.64,Bank transfer,14,0,60,0.08,B
100,1000,5000000153,2024,1,K,V0012,,160000,H,18566.55,18566.55,USD,2024-05-28,N030,2024-06-03,CL5000000153,4500000153,10,2024.0,31,,0.0,C,20.95,15564.35,Cash discount,10,30,60,0.42,A
100,1000,5000000153,2024,2,S,,,510000,S,18566.55,18566.55,USD,,,,,4500000153,10,,40,,0.0,U,466.69,25614.1,Cash discount,10,30,0,1.58,
100,1000,5000000154,2024,1,K,V0010,,160000,H,52604.16,52604.16,USD,2024-04-12,N030,,CL5000000154,4500000154,10,,31,,0.0,,257.69,10239.55,,10,45,0,0.75,B
100,1000,5000000154,2024,2,S,,,510000,S,52604.16,52604.16,USD,,,,,4500000154,10,,40,,0.0,C,494.56,40422.2,Cash discount,30,30,60,1.04,B
100,1000,5000000155,2024,1,K,V0009,,160000,H,19849.98,19849.98,USD,2024-09-10,N014,2024-11-01,CL5000000155,4500000155,10,2024.0,31,,0.0,B,271.52,26865.87,Cash discount,10,0,60,1.92,
100,1000,5000000155,2024,2,S,,,510000,S,19849.98,19849.98,USD,,,,,4500000155,10,,40,,0.0,,126.66,19597.5,Cash discount,14,60,90,0.53,
100,1000,5000000156,2024,1,K,V0003,,160000,H,10555.2,10555.2,USD,2024-05-14,N014,2024-07-04,CL5000000156,4500000156,10,2024.0,31,,0.0,,376.65,31751.28,,0,60,60,0.97,B
100,1000,5000000156,2024,2,S,,,510000,S,10555.2,10555.2,USD,,,,,4500000156,10,,40,,0.0,B,95.55,41742.87,Credit memo,30,60,60,1.51,B
100,1000,5000000157,2024,1,K,V0004,,160000,H,49851.36,49851.36,USD,2024-08-15,N030,2024-09-09,CL5000000157,4500000157,10,2024.0,31,,0.0,U,178.49,34084.68,Payment received,30,45,0,1.21,
100,1000,5000000157,2024,2,S,,,510000,S,49851.36,49851.36,USD,,,,,4500000157,10,,40,,0.0,,390.42,3399.14,Bank transfer,10,0,0,0.67,
100,1000,5000000158,2024,1,K,V0005,,160000,H,44851.2,44851.2,USD,2024-10-30,N014,2024-12-20,CL5000000158,4500000158,10,2024.0,31,,0.0,,432.9,34963.93,,20,60,90,1.36,
100,1000,5000000158,2024,2,S,,,510000,S,44851.2,44851.2,USD,,,,,4500000158,10,,40,,0.0,B,165.96,36524.92,Bank transfer,20,45,60,0.69,
100,1000,5000000159,2024,1,K,V0011,,160000,H,137828.88,137828.88,USD,2024-06-22,2/10N30,2024-07-29,CL5000000159,4500000159,10,2024.0,31,,2.0,U,62.24,42338.76,Invoice clearing,0,60,0,0.63,
100,1000,5000000159,2024,2,S,,,510000,S,137828.88,137828.88,USD,,,,,4500000159,10,,40,,0.0,,184.01,2989.51,Outstanding,14,30,0,0.48,A
100,1000,5000000159,2024,1,K,V0011,,160000,H,20069.92,20069.92,USD,2024-06-29,2/10N30,2024-07-14,CL5000000159,4500000159,20,2024.0,31,,2.0,,444.74,4402.02,Credit memo,10,30,90,0.72,
100,1000,5000000159,2024,2,S,,,510000,S,20069.92,20069.92,USD,,,,,4500000159,20,,40,,0.0,B,371.65,21780.73,Bank transfer,14,45,90,0.8,A
100,1000,5000000160,2024,1,K,V0003,,160000,H,7831.82,7831.82,USD,2024-06-30,N014,2024-07-07,CL5000000160,4500000160,10,2024.0,31,,0.0,B,447.32,22723.25,Payment received,20,45,0,1.22,
100,1000,5000000160,2024,2,S,,,510000,S,7831.82,7831.82,USD,,,,,4500000160,10,,40,,0.0,,193.32,30480.74,Bank transfer,20,45,60,1.95,
100,1000,5000000161,2024,1,K,V0009,,160000,H,62394.57,62394.57,USD,2024-07-07,N014,2024-09-02,CL5000000161,4500000161,10,2024.0,31,,0.0,U,486.86,15533.57,Credit memo,10,45,90,1.75,A
100,1000,5000000161,2024,2,S,,,510000,S,62394.57,62394.57,USD,,,,,4500000161,10,,40,,0.0,B,248.1,37110.51,,20,60,60,1.61,
100,1000,5000000162,2024,1,K,V0009,,160000,H,7317.24,7317.24,USD,2024-11-04,N060,2024-12-09,CL5000000162,4500000162,10,2024.0,31,,0.0,B,248.76,37058.84,,20,45,90,0.01,B
100,1000,5000000162,2024,2,S,,,510000,S,7317.24,7317.24,USD,,,,,4500000162,10,,40,,0.0,B,462.16,6060.21,,0,45,90,1.74,
100,1000,5000000163,2024,1,K,V0004,,160000,H,5052.35,5052.35,USD,2024-11-14,N060,2024-12-02,CL5000000163,4500000163,10,2024.0,31,,0.0,C,259.64,35424.24,Payment received,0,45,60,0.8,A
100,1000,5000000163,2024,2,S,,,510000,S,5052.35,5052.35,USD,,,,,4500000163,10,,40,,0.0,T,400.57,35104.83,Payment received,20,30,90,1.67,
100,1000,5000000164,2024,1,K,V0004,,160000,H,159834.7,159834.7,USD,2024-10-28,N060,2024-11-14,CL5000000164,4500000164,10,2024.0,31,,0.0,,363.54,8275.25,Credit memo,10,0,60,1.85,A
100,1000,5000000164,2024,2,S,,,510000,S,159834.7,159834.7,USD,,,,,4500000164,10,,40,,0.0,C,39.46,47655.51,Invoice clearing,10,30,0,0.05,B
100,1000,5000000165,2024,1,K,V0015,,160000,H,2901.66,2901.66,USD,2024-10-10,N030,2024-12-05,CL5000000165,4500000165,10,2024.0,31,,0.0,B,301.23,26197.97,Outstanding,20,30,90,0.25,
100,1000,5000000165,2024,2,S,,,510000,S,2901.66,2901.66,USD,,,,,4500000165,10,,40,,0.0,T,411.17,39171.06,Outstanding,20,30,90,1.06,
100,1000,5000000166,2024,1,K,V0012,,160000,H,65503.38,65503.38,USD,2024-06-25,2/10N30,2024-07-24,CL5000000166,4500000166,10,2024.0,31,,2.0,,272.74,36066.2,Cash discount,30,0,90,1.9,
100,1000,5000000166,2024,2,S,,,510000,S,65503.38,65503.38,USD,,,,,4500000166,10,,40,,0.0,,160.61,8431.45,,0,0,60,1.5,
100,1000,5000000167,2024,1,K,V0003,,160000,H,49807.5,49807.5,USD,2024-10-08,N014,2024-11-17,CL5000000167,4500000167,10,2024.0,31,,0.0,,40.03,6433.84,,0,30,60,0.5,A
100,1000,5000000167,2024,2,S,,,510000,S,49807.5,49807.5,USD,,,,,4500000167,10,,40,,0.0,,330.46,39078.09,Credit memo,10,45,60,0.9,B
100,1000,5000000168,2024,1,K,V0012,,160000,H,15286.31,15286.31,USD,2024-10-25,N030,,CL5000000168,4500000168,10,,31,,0.0,C,153.25,13511.35,Invoice clearing,14,30,0,1.37,
100,1000,5000000168,2024,2,S,,,510000,S,15286.31,15286.31,USD,,,,,4500000168,10,,40,,0.0,C,301.31,44332.1,Outstanding,14,30,60,1.74,B
100,1000,5000000169,2024,1,K,V0010,,160000,H,14784.66,14784.66,USD,2024-12-18,2/10N30,2024-12-25,CL5000000169,4500000169,10,2024.0,31,,2.0,C,213.06,38594.37,,20,30,90,1.03,A
100,1000,5000000169,2024,2,S,,,510000,S,14784.66,14784.66,USD,,,,,4500000169,10,,40,,0.0,,344.88,1564.88,Bank transfer,20,0,60,1.32,
100,1000,5000000169,2024,1,K,V0010,,160000,H,525.72,525.72,USD,2024-12-10,2/10N30,2025-01-26,CL5000000169,4500000169,20,2025.0,31,,2.0,U,175.77,40374.68,,30,30,60,0.01,
100,1000,5000000169,2024,2,S,,,510000,S,525.72,525.72,USD,,,,,4500000169,20,,40,,0.0,B,21.18,13671.83,Credit memo,30,60,90,1.28,
100,1000,5000000170,2024,1,K,V0012,,160000,H,135932.2,135932.2,USD,2024-06-05,N014,2024-07-01,CL5000000170,4500000170,10,2024.0,31,,0.0,,435.02,3287.21,Credit memo,10,30,60,1.88,
100,1000,5000000170,2024,2,S,,,510000,S,135932.2,135932.2,USD,,,,,4500000170,10,,40,,0.0,,176.28,35644.93,,14,30,60,0.64,B
100,1000,5000000171,2024,1,K,V0014,,160000,H,68647.04,68647.04,USD,2024-10-28,2/10N30,2024-12-12,CL5000000171,4500000171,10,2024.0,31,,2.0,,499.08,28874.92,,30,60,90,1.27,
100,1000,5000000171,2024,2,S,,,510000,S,68647.04,68647.04,USD,,,,,4500000171,10,,40,,0.0,,137.28,3945.79,Payment received,14,30,90,1.75,
100,1000,5000000172,2024,1,K,V0006,,160000,H,19467.0,19467.0,USD,2024-08-08,N014,2024-08-24,CL5000000172,4500000172,10,2024.0,31,,0.0,,490.01,22814.37,Cash discount,30,30,0,1.94,
100,1000,5000000172,2024,2,S,,,510000,S,19467.0,19467.0,USD,,,,,4500000172,10,,40,,0.0,B,473.95,18070.18,,0,30,60,1.47,
100,1000,5000000173,2024,1,K,V0014,,160000,H,157270.15,157270.15,USD,2024-08-06,N060,2024-09-11,CL5000000173,4500000173,10,2024.0,31,,0.0,T,37.52,25030.54,Cash discount,20,45,60,1.36,
100,1000,5000000173,2024,2,S,,,510000,S,157270.15,157270.15,USD,,,,,4500000173,10,,40,,0.0,,318.76,28387.62,Bank transfer,30,45,0,0.47,
100,1000,5000000173,2024,1,K,V0014,,160000,H,25113.31,25113.31,USD,2024-08-12,N060,2024-09-20,CL5000000173,4500000173,20,2024.0,31,,0.0,C,181.66,18447.62,Invoice clearing,30,45,90,0.97,B
100,1000,5000000173,2024,2,S,,,510000,S,25113.31,25113.31,USD,,,,,4500000173,20,,40,,0.0,B,400.55,12830.29,Outstanding,10,60,60,1.48,
100,1000,5000000174,2024,1,K,V0003,,160000,H,11044.21,11044.21,USD,2024-02-26,2/10N30,2024-04-01,CL5000000174,4500000174,10,2024.0,31,,2.0,C,339.71,5234.96,Bank transfer,0,30,60,1.59,A
100,1000,5000000174,2024,2,S,,,510000,S,11044.21,11044.21,USD,,,,,4500000174,10,,40,,0.0,B,476.39,28738.22,Cash discount,20,30,0,0.7,A
100,1000,5000000175,2024,1,K,V0008,,160000,H,43651.86,43651.86,USD,2024-07-06,N060,2024-07-19,CL5000000175,4500000175,10,2024.0,31,,0.0,C,71.39,36166.64,Cash discount,0,45,60,1.88,A
100,1000,5000000175,2024,2,S,,,510000,S,43651.86,43651.86,USD,,,,,4500000175,10,,40,,0.0,B,303.79,11497.38,Cash discount,20,60,90,1.88,A
100,1000,5000000176,2024,1,K,V0010,,160000,H,73507.17,73507.17,USD,2024-06-21,N060,,CL5000000176,4500000176,10,,31,,0.0,T,390.66,25490.36,Credit memo,0,60,90,0.95,
100,1000,5000000176,2024,2,S,,,510000,S,73507.17,73507.17,USD,,,,,4500000176,10,,40,,0.0,,17.4,2297.49,Invoice clearing,0,60,60,1.32,
100,1000,5000000177,2024,1,K,V0004,,160000,H,92354.1,92354.1,USD,2024-09-20,N060,2024-11-04,CL5000000177,4500000177,10,2024.0,31,,0.0,,33.62,43160.13,Bank transfer,10,45,90,1.4,B
100,1000,5000000177,2024,2,S,,,510000,S,92354.1,92354.1,USD,,,,,4500000177,10,,40,,0.0,C,389.26,12303.12,,14,45,60,0.2,A
100,1000,5000000178,2024,1,K,V0015,,160000,H,109777.12,109777.12,USD,2024-08-28,N014,2024-09-12,,4500000178,10,2024.0,31,,0.0,B,183.16,23641.05,Credit memo,0,30,90,0.77,B
100,1000,5000000178,2024,2,S,,,510000,S,109777.12,109777.12,USD,,,,,4500000178,10,,40,,0.0,T,191.43,19210.68,Invoice clearing,20,30,90,1.21,
100,1000,5000000179,2024,1,K,V0005,,160000,H,18062.96,18062.96,USD,2024-04-25,N030,,CL5000000179,4500000179,10,,31,,0.0,T,283.62,7589.22,,20,30,90,1.42,
100,1000,5000000179,2024,2,S,,,510000,S,18062.96,18062.96,USD,,,,,4500000179,10,,40,,0.0,,302.55,46564.89,,10,45,90,1.74,
100,1000,5000000180,2024,1,K,V0004,,160000,H,2559.62,2559.62,USD,2024-05-20,2/10N30,2024-06-02,CL5000000180,4500000180,10,2024.0,31,,2.0,B,339.53,42888.51,,14,45,60,1.75,A
100,1000,5000000180,2024,2,S,,,510000,S,2559.62,2559.62,USD,,,,,4500000180,10,,40,,0.0,,474.41,27687.95,Bank transfer,20,60,60,1.57,A
100,1000,5000000181,2024,1,K,V0015,,160000,H,8686.44,8686.44,USD,2024-11-12,N014,2024-12-05,CL5000000181,4500000181,10,2024.0,31,,0.0,C,186.01,45705.99,Cash discount,10,45,60,1.43,
100,1000,5000000181,2024,2,S,,,510000,S,8686.44,8686.44,USD,,,,,4500000181,10,,40,,0.0,,381.54,37059.22,,20,30,60,0.06,
100,1000,5000000181,2024,1,K,V0015,,160000,H,37251.4,37251.4,USD,2024-11-21,N014,2024-12-31,CL5000000181,4500000181,20,2024.0,31,,0.0,,286.96,21026.53,Payment received,30,30,0,1.0,B
100,1000,5000000181,2024,2,S,,,510000,S,37251.4,37251.4,USD,,,,,4500000181,20,,40,,0.0,,264.73,16157.92,Bank transfer,0,45,0,0.17,B
100,1000,5000000182,2024,1,K,V0004,,160000,H,83152.24,83152.24,USD,2024-05-29,2/10N30,2024-07-27,CL5000000182,4500000182,10,2024.0,31,,2.0,U,199.02,20871.2,Payment received,14,0,60,1.66,
100,1000,5000000182,2024,2,S,,,510000,S,83152.24,83152.24,USD,,,,,4500000182,10,,40,,0.0,T,324.78,36042.37,Cash discount,0,60,90,1.99,B
100,1000,5000000183,2024,1,K,V0010,,160000,H,10215.24,10215.24,USD,2024-07-20,2/10N30,,CL5000000183,4500000183,10,,31,,2.0,,124.81,13635.77,Cash discount,0,45,0,1.97,A
100,1000,5000000183,2024,2,S,,,510000,S,10215.24,10215.24,USD,,,,,4500000183,10,,40,,0.0,T,56.72,3986.56,Cash discount,30,0,0,0.93,A
100,1000,5000000184,2024,1,K,V0013,,160000,H,28522.89,28522.89,USD,2024-03-28,N030,2024-05-21,CL5000000184,4500000184,10,2024.0,31,,0.0,,367.84,18703.13,Payment received,14,30,90,1.79,
100,1000,5000000184,2024,2,S,,,510000,S,28522.89,28522.89,USD,,,,,4500000184,10,,40,,0.0,B,249.52,25151.84,Cash discount,0,45,60,1.91,A
100,1000,5000000185,2024,1,K,V0001,,160000,H,268446.1,268446.1,USD,2024-07-16,N030,2024-08-20,CL5000000185,4500000185,10,2024.0,31,,0.0,U,193.49,45106.86,Payment received,10,60,90,0.96,
100,1000,5000000185,2024,2,S,,,510000,S,268446.1,268446.1,USD,,,,,4500000185,10,,40,,0.0,U,280.84,9049.28,Cash discount,20,0,60,1.08,B
100,1000,5000000186,2024,1,K,V0007,,160000,H,142944.05,142944.05,USD,2024-04-23,N014,2024-05-03,CL5000000186,4500000186,10,2024.0,31,,0.0,U,130.89,40236.47,Outstanding,20,0,90,0.49,
100,1000,5000000186,2024,2,S,,,510000,S,142944.05,142944.05,USD,,,,,4500000186,10,,40,,0.0,B,130.14,49072.55,Cash discount,10,45,90,0.34,
100,1000,5000000187,2024,1,K,V0001,,160000,H,150788.88,150788.88,USD,2024-10-31,N030,2024-11-07,CL5000000187,4500000187,10,2024.0,31,,0.0,C,223.14,47708.56,,20,45,0,1.89,
100,1000,5000000187,2024,2,S,,,510000,S,150788.88,150788.88,USD,,,,,4500000187,10,,40,,0.0,T,498.18,3539.43,Payment received,30,0,90,1.4,
100,1000,5000000188,2024,1,K,V0008,,160000,H,12337.5,12337.5,USD,2024-11-17,N014,2024-11-22,CL5000000188,4500000188,10,2024.0,31,,0.0,B,142.79,23308.2,Outstanding,10,30,60,0.21,
100,1000,5000000188,2024,2,S,,,510000,S,12337.5,12337.5,USD,,,,,4500000188,10,,40,,0.0,,458.24,14187.11,Invoice clearing,30,60,90,1.99,B
100,1000,5000000189,2024,1,K,V0006,,160000,H,71175.88,71175.88,USD,2024-10-10,N030,2024-10-17,,4500000189,10,2024.0,31,,0.0,U,245.6,42257.84,Bank transfer,14,30,60,0.06,A
100,1000,5000000189,2024,2,S,,,510000,S,71175.88,71175.88,USD,,,,,4500000189,10,,40,,0.0,T,61.32,16432.32,,20,0,90,1.86,
100,1000,5000000190,2024,1,K,V0011,,160000,H,20961.0,20961.0,USD,2024-09-08,N014,2024-11-04,,4500000190,10,2024.0,31,,0.0,,426.41,27699.26,,30,30,0,0.65,A
100,1000,5000000190,2024,2,S,,,510000,S,20961.0,20961.0,USD,,,,,4500000190,10,,40,,0.0,T,226.02,497.66,,20,45,60,0.77,B
100,1000,5000000191,2024,1,K,V0009,,160000,H,98736.15,98736.15,USD,2024-06-05,N014,2024-07-29,CL5000000191,4500000191,10,2024.0,31,,0.0,U,449.34,10113.49,Cash discount,14,0,60,0.56,B
100,1000,5000000191,2024,2,S,,,510000,S,98736.15,98736.15,USD,,,,,4500000191,10,,40,,0.0,U,222.56,28233.96,Bank transfer,0,60,90,1.44,
100,1000,5000000191,2024,1,K,V0009,,160000,H,13285.62,13285.62,USD,2024-05-31,N014,2024-07-09,CL5000000191,4500000191,20,2024.0,31,,0.0,T,43.9,15265.07,,20,60,0,1.33,A
100,1000,5000000191,2024,2,S,,,510000,S,13285.62,13285.62,USD,,,,,4500000191,20,,40,,0.0,,340.96,31173.6,Cash discount,14,30,0,1.9,B
100,1000,5000000192,2024,1,K,V0011,,160000,H,64963.35,64963.35,USD,2024-06-29,N060,2024-07-23,CL5000000192,4500000192,10,2024.0,31,,0.0,,422.76,23249.94,Cash discount,10,30,0,1.34,B
100,1000,5000000192,2024,2,S,,,510000,S,64963.35,64963.35,USD,,,,,4500000192,10,,40,,0.0,,159.79,29625.38,Outstanding,20,60,60,1.33,
100,1000,5000000193,2024,1,K,V0001,,160000,H,14809.86,14809.86,USD,2024-03-18,N060,2024-05-08,CL5000000193,4500000193,10,2024.0,31,,0.0,T,173.71,24718.7,Cash discount,10,0,60,1.85,
100,1000,5000000193,2024,2,S,,,510000,S,14809.86,14809.86,USD,,,,,4500000193,10,,40,,0.0,C,32.47,38653.4,Credit memo,14,30,0,1.27,A
100,1000,5000000194,2024,1,K,V0014,,160000,H,180994.24,180994.24,USD,2024-08-01,N030,2024-09-22,CL5000000194,4500000194,10,2024.0,31,,0.0,C,271.09,9851.58,,10,0,0,0.98,
100,1000,5000000194,2024,2,S,,,510000,S,180994.24,180994.24,USD,,,,,4500000194,10,,40,,0.0,,445.67,45032.12,Invoice clearing,30,60,60,1.59,
100,1000,5000000195,2024,1,K,V0010,,160000,H,215069.58,215069.58,USD,2024-04-12,N060,2024-04-22,,4500000195,10,2024.0,31,,0.0,,425.68,38048.06,Bank transfer,0,0,90,0.67,A
100,1000,5000000195,2024,2,S,,,510000,S,215069.58,215069.58,USD,,,,,4500000195,10,,40,,0.0,B,355.9,12331.83,,10,60,0,0.45,B
100,1000,5000000196,2024,1,K,V0009,,160000,H,82641.3,82641.3,USD,2024-06-15,N060,2024-06-27,CL5000000196,4500000196,10,2024.0,31,,0.0,T,463.66,418.26,,30,0,90,1.15,A
100,1000,5000000196,2024,2,S,,,510000,S,82641.3,82641.3,USD,,,,,4500000196,10,,40,,0.0,C,318.85,20560.8,Cash discount,0,45,90,1.85,
100,1000,5000000197,2024,1,K,V0010,,160000,H,14027.84,14027.84,USD,2024-09-19,N060,,CL5000000197,4500000197,10,,31,,0.0,T,396.85,11726.59,Invoice clearing,14,0,60,0.13,
100,1000,5000000197,2024,2,S,,,510000,S,14027.84,14027.84,USD,,,,,4500000197,10,,40,,0.0,,254.38,17386.54,Payment received,14,60,0,0.69,A
100,1000,5000000198,2024,1,K,V0001,,160000,H,90812.02,90812.02,USD,2024-11-24,N060,2024-12-09,CL5000000198,4500000198,10,2024.0,31,,0.0,,60.68,41994.74,Bank transfer,20,0,0,1.82,
100,1000,5000000198,2024,2,S,,,510000,S,90812.02,90812.02,USD,,,,,4500000198,10,,40,,0.0,U,100.49,43872.21,,30,45,60,1.49,
100,1000,5000000199,2024,1,K,V0001,,160000,H,8378.55,8378.55,USD,2024-07-28,N030,2024-09-26,CL5000000199,4500000199,10,2024.0,31,,0.0,,69.44,47554.41,Cash discount,0,30,60,1.45,A
100,1000,5000000199,2024,2,S,,,510000,S,8378.55,8378.55,USD,,,,,4500000199,10,,40,,0.0,,395.19,172.96,Invoice clearing,20,0,90,1.31,A
100,1000,5000000200,2024,1,K,V0015,,160000,H,7125.0,7125.0,USD,2024-08-06,N060,2024-09-20,CL5000000200,4500000200,10,2024.0,31,,0.0,,13.14,32899.46,Cash discount,20,60,0,1.57,A
100,1000,5000000200,2024,2,S,,,510000,S,7125.0,7125.0,USD,,,,,4500000200,10,,40,,0.0,,277.01,42465.4,,14,45,60,1.93,
100,1000,5000000201,2024,1,K,V0001,,160000,H,97575.2,97575.2,USD,2024-08-25,N060,2024-10-07,,4500000201,10,2024.0,31,,0.0,C,184.46,36388.03,Payment received,10,30,60,0.87,
100,1000,5000000201,2024,2,S,,,510000,S,97575.2,97575.2,USD,,,,,4500000201,10,,40,,0.0,,401.83,5287.06,Invoice clearing,0,0,0,0.47,
100,1000,5000000202,2024,1,K,V0010,,160000,H,42759.09,42759.09,USD,2024-11-20,N060,2025-01-17,CL5000000202,4500000202,10,2025.0,31,,0.0,,275.82,26537.74,Invoice clearing,14,30,90,0.52,B
100,1000,5000000202,2024,2,S,,,510000,S,42759.09,42759.09,USD,,,,,4500000202,10,,40,,0.0,U,305.97,11984.56,,14,0,0,0.58,
100,1000,5000000203,2024,1,K,V0012,,160000,H,118990.08,118990.08,USD,2024-04-02,N060,,CL5000000203,4500000203,10,,31,,0.0,U,43.11,24652.24,Cash discount,10,0,90,0.22,
100,1000,5000000203,2024,2,S,,,510000,S,118990.08,118990.08,USD,,,,,4500000203,10,,40,,0.0,U,154.65,3088.76,Payment received,30,30,60,0.68,
100,1000,5000000204,2024,1,K,V0011,,160000,H,11636.82,11636.82,USD,2024-04-15,2/10N30,2024-06-14,CL5000000204,4500000204,10,2024.0,31,,2.0,B,499.8,49848.27,,30,30,60,1.18,
100,1000,5000000204,2024,2,S,,,510000,S,11636.82,11636.82,USD,,,,,4500000204,10,,40,,0.0,,359.43,35611.46,,0,45,90,0.38,A
100,1000,5000000204,2024,1,K,V0011,,160000,H,10324.93,10324.93,USD,2024-04-25,2/10N30,2024-06-08,CL5000000204,4500000204,20,2024.0,31,,2.0,,262.85,4742.03,Credit memo,10,0,0,1.88,
100,1000,5000000204,2024,2,S,,,510000,S,10324.93,10324.93,USD,,,,,4500000204,20,,40,,0.0,U,384.58,46071.59,Payment received,10,0,90,1.15,
100,1000,5000000205,2024,1,K,V0007,,160000,H,32642.15,32642.15,USD,2024-04-04,2/10N30,,CL5000000205,4500000205,10,,31,,2.0,B,411.67,44874.64,,20,30,0,0.25,A
100,1000,5000000205,2024,2,S,,,510000,S,32642.15,32642.15,USD,,,,,4500000205,10,,40,,0.0,,36.88,26035.99,Bank transfer,10,45,60,0.63,
100,1000,5000000206,2024,1,K,V0010,,160000,H,104246.88,104246.88,USD,2024-07-13,2/10N30,2024-07-25,,4500000206,10,2024.0,31,,2.0,,486.19,35072.26,,0,30,60,0.76,
100,1000,5000000206,2024,2,S,,,510000,S,104246.88,104246.88,USD,,,,,4500000206,10,,40,,0.0,T,321.17,18687.35,,10,60,60,1.47,
100,1000,5000000206,2024,1,K,V0010,,160000,H,25481.6,25481.6,USD,2024-07-13,2/10N30,2024-07-20,CL5000000206,4500000206,20,2024.0,31,,2.0,,224.99,48730.28,Credit memo,20,45,90,0.62,
100,1000,5000000206,2024,2,S,,,510000,S,25481.6,25481.6,USD,,,,,4500000206,20,,40,,0.0,,340.05,4336.63,Invoice clearing,30,60,90,1.18,
100,1000,5000000207,2024,1,K,V0003,,160000,H,72871.5,72871.5,USD,2024-08-18,N030,2024-09-21,CL5000000207,4500000207,10,2024.0,31,,0.0,T,172.26,4869.29,,10,45,0,0.38,B
100,1000,5000000207,2024,2,S,,,510000,S,72871.5,72871.5,USD,,,,,4500000207,10,,40,,0.0,,438.98,6762.34,Cash discount,10,0,90,0.78,B
100,1000,5000000208,2024,1,K,V0011,,160000,H,88924.8,88924.8,USD,2024-03-12,2/10N30,2024-05-10,CL5000000208,4500000208,10,2024.0,31,,2.0,C,390.13,41016.15,Outstanding,0,30,0,0.85,
100,1000,5000000208,2024,2,S,,,510000,S,88924.8,88924.8,USD,,,,,4500000208,10,,40,,0.0,,319.9,3834.04,,20,45,90,1.54,
100,1000,5000000208,2024,1,K,V0011,,160000,H,3094.0,3094.0,USD,2024-03-06,2/10N30,2024-04-19,CL5000000208,4500000208,20,2024.0,31,,2.0,C,90.98,28434.25,Bank transfer,10,0,90,1.6,
100,1000,5000000208,2024,2,S,,,510000,S,3094.0,3094.0,USD,,,,,4500000208,20,,40,,0.0,B,483.13,21805.65,Invoice clearing,0,0,0,1.87,B
100,1000,5000000209,2024,1,K,V0001,,160000,H,42977.2,42977.2,USD,2024-04-12,N014,2024-05-31,,4500000209,10,2024.0,31,,0.0,,216.31,48214.49,Outstanding,20,60,60,0.25,A
100,1000,5000000209,2024,2,S,,,510000,S,42977.2,42977.2,USD,,,,,4500000209,10,,40,,0.0,T,455.36,11914.91,,14,60,0,1.33,
100,1000,5000000210,2024,1,K,V0011,,160000,H,91328.22,91328.22,USD,2024-08-15,N014,,CL5000000210,4500000210,10,,31,,0.0,C,27.71,13123.45,Outstanding,20,0,0,1.18,B
100,1000,5000000210,2024,2,S,,,510000,S,91328.22,91328.22,USD,,,,,4500000210,10,,40,,0.0,C,62.08,15818.94,Bank transfer,14,60,90,0.21,A
100,1000,5000000210,2024,1,K,V0011,,160000,H,13538.14,13538.14,USD,2024-08-21,N014,,CL5000000210,4500000210,20,,31,,0.0,C,76.51,40060.76,Payment received,14,0,60,0.02,
100,1000,5000000210,2024,2,S,,,510000,S,13538.14,13538.14,USD,,,,,4500000210,20,,40,,0.0,,82.33,35066.21,Payment received,20,0,60,1.7,B
100,1000,5000000211,2024,1,K,V0013,,160000,H,58909.08,58909.08,USD,2024-04-25,N014,2024-06-20,CL5000000211,4500000211,10,2024.0,31,,0.0,T,161.33,36794.11,Invoice clearing,20,0,0,0.63,A
100,1000,5000000211,2024,2,S,,,510000,S,58909.08,58909.08,USD,,,,,4500000211,10,,40,,0.0,C,354.67,15971.08,Payment received,0,60,0,1.63,
100,1000,5000000212,2024,1,K,V0015,,160000,H,96457.68,96457.68,USD,2024-12-05,2/10N30,2024-12-27,CL5000000212,4500000212,10,2024.0,31,,2.0,T,173.01,13670.6,,20,45,0,0.59,B
100,1000,5000000212,2024,2,S,,,510000,S,96457.68,96457.68,USD,,,,,4500000212,10,,40,,0.0,U,470.45,3826.9,Bank transfer,30,0,60,0.44,A
100,1000,5000000213,2024,1,K,V0003,,160000,H,153862.6,153862.6,USD,2024-04-25,N060,2024-06-22,CL5000000213,4500000213,10,2024.0,31,,0.0,U,447.46,10215.36,Credit memo,10,30,90,1.36,
100,1000,5000000213,2024,2,S,,,510000,S,153862.6,153862.6,USD,,,,,4500000213,10,,40,,0.0,,422.97,39018.86,,20,30,60,0.29,A
100,1000,5000000214,2024,1,K,V0009,,160000,H,65798.5,65798.5,USD,2024-08-06,N060,,CL5000000214,4500000214,10,,31,,0.0,,125.3,29276.93,Credit memo,14,60,90,0.57,
100,1000,5000000214,2024,2,S,,,510000,S,65798.5,65798.5,USD,,,,,4500000214,10,,40,,0.0,U,317.53,7854.99,Invoice clearing,14,0,0,1.49,A
100,1000,5000000215,2024,1,K,V0010,,160000,H,47759.0,47759.0,USD,2024-12-10,N030,2025-01-18,CL5000000215,4500000215,10,2025.0,31,,0.0,B,275.42,8302.31,Cash discount,20,0,60,1.7,
100,1000,5000000215,2024,2,S,,,510000,S,47759.0,47759.0,USD,,,,,4500000215,10,,40,,0.0,T,62.59,23356.15,,10,45,60,1.66,B
100,1000,5000000216,2024,1,K,V0003,,160000,H,209110.16,209110.16,USD,2024-08-10,N030,2024-08-23,CL5000000216,4500000216,10,2024.0,31,,0.0,C,151.41,20384.98,Outstanding,10,45,0,0.07,
100,1000,5000000216,2024,2,S,,,510000,S,209110.16,209110.16,USD,,,,,4500000216,10,,40,,0.0,B,266.74,26842.63,Outstanding,0,30,0,0.64,A
100,1000,5000000216,2024,1,K,V0003,,160000,H,4030.4,4030.4,USD,2024-08-14,N030,2024-09-09,CL5000000216,4500000216,20,2024.0,31,,0.0,,251.29,48235.27,,0,30,90,1.0,
100,1000,5000000216,2024,2,S,,,510000,S,4030.4,4030.4,USD,,,,,4500000216,20,,40,,0.0,B,84.32,10461.05,Credit memo,0,30,90,1.38,
100,1000,5000000217,2024,1,K,V0003,,160000,H,92860.02,92860.02,USD,2024-08-27,N030,2024-10-15,CL5000000217,4500000217,10,2024.0,31,,0.0,,470.8,15484.56,Outstanding,10,30,60,0.55,
100,1000,5000000217,2024,2,S,,,510000,S,92860.02,92860.02,USD,,,,,4500000217,10,,40,,0.0,,77.1,13323.9,,14,0,0,1.7,B
100,1000,5000000218,2024,1,K,V0001,,160000,H,118185.48,118185.48,USD,2024-10-10,N014,2024-11-18,CL5000000218,4500000218,10,2024.0,31,,0.0,U,329.37,6083.69,Bank transfer,0,30,0,1.15,
100,1000,5000000218,2024,2,S,,,510000,S,118185.48,118185.48,USD,,,,,4500000218,10,,40,,0.0,T,360.32,7965.01,,20,45,90,1.26,B
100,1000,5000000219,2024,1,K,V0009,,160000,H,125790.99,125790.99,USD,2024-07-13,N030,2024-08-07,CL5000000219,4500000219,10,2024.0,31,,0.0,,302.57,34334.14,,0,0,0,0.43,A
100,1000,5000000219,2024,2,S,,,510000,S,125790.99,125790.99,USD,,,,,4500000219,10,,40,,0.0,C,421.27,41336.7,Cash discount,20,60,90,0.58,
100,1000,5000000220,2024,1,K,V0011,,160000,H,22977.24,22977.24,USD,2024-03-19,2/10N30,2024-04-05,CL5000000220,4500000220,10,2024.0,31,,2.0,B,281.81,34874.21,Credit memo,20,45,0,1.93,B
100,1000,5000000220,2024,2,S,,,510000,S,22977.24,22977.24,USD,,,,,4500000220,10,,40,,0.0,,412.62,2112.46,,14,60,90,0.12,
100,1000,5000000220,2024,1,K,V0011,,160000,H,44004.8,44004.8,USD,2024-03-12,2/10N30,2024-05-10,,4500000220,20,2024.0,31,,2.0,,14.19,41812.65,Outstanding,20,30,0,1.62,
100,1000,5000000220,2024,2,S,,,510000,S,44004.8,44004.8,USD,,,,,4500000220,20,,40,,0.0,,22.73,16456.9,Outstanding,0,30,90,0.31,
100,1000,5000000221,2024,1,K,V0001,,160000,H,66417.96,66417.96,USD,2024-07-03,N014,2024-08-07,CL5000000221,4500000221,10,2024.0,31,,0.0,,320.73,4651.52,Credit memo,14,0,90,1.43,
100,1000,5000000221,2024,2,S,,,510000,S,66417.96,66417.96,USD,,,,,4500000221,10,,40,,0.0,,288.39,12486.12,,14,0,60,1.7,
100,1000,5000000222,2024,1,K,V0014,,160000,H,35931.6,35931.6,USD,2024-03-19,N060,2024-05-02,CL5000000222,4500000222,10,2024.0,31,,0.0,,325.56,17851.56,Cash discount,10,45,0,1.87,
100,1000,5000000222,2024,2,S,,,510000,S,35931.6,35931.6,USD,,,,,4500000222,10,,40,,0.0,C,383.48,25721.64,Invoice clearing,20,60,90,0.45,A
100,1000,5000000223,2024,1,K,V0007,,160000,H,7708.8,7708.8,USD,2024-11-06,2/10N30,2024-11-20,,4500000223,10,2024.0,31,,2.0,U,208.29,33891.45,Bank transfer,0,0,90,1.47,
100,1000,5000000223,2024,2,S,,,510000,S,7708.8,7708.8,USD,,,,,4500000223,10,,40,,0.0,T,319.5,13082.32,,20,0,60,1.85,B
100,1000,5000000224,2024,1,K,V0002,,160000,H,4156.16,4156.16,USD,2024-07-15,N030,2024-07-22,CL5000000224,4500000224,10,2024.0,31,,0.0,,249.02,49534.76,Cash discount,0,60,90,1.55,
100,1000,5000000224,2024,2,S,,,510000,S,4156.16,4156.16,USD,,,,,4500000224,10,,40,,0.0,C,313.58,1651.0,Invoice clearing,30,60,0,1.71,
100,1000,5000000224,2024,1,K,V0002,,160000,H,30141.44,30141.44,USD,2024-07-15,N030,,,4500000224,20,,31,,0.0,,144.84,20279.17,Bank transfer,10,30,90,1.45,B
100,1000,5000000224,2024,2,S,,,510000,S,30141.44,30141.44,USD,,,,,4500000224,20,,40,,0.0,C,478.33,22664.84,,14,30,60,0.6,B
100,1000,5000000225,2024,1,K,V0005,,160000,H,28797.12,28797.12,USD,2024-02-20,N014,2024-03-07,,4500000225,10,2024.0,31,,0.0,B,241.47,37429.11,Credit memo,10,0,0,1.63,
100,1000,5000000225,2024,2,S,,,510000,S,28797.12,28797.12,USD,,,,,4500000225,10,,40,,0.0,,402.34,12567.65,Payment received,30,30,60,1.82,B
100,1000,5000000226,2024,1,K,V0007,,160000,H,25399.2,25399.2,USD,2024-09-10,N060,2024-10-28,,4500000226,10,2024.0,31,,0.0,C,342.5,23155.96,Cash discount,10,0,0,0.32,A
100,1000,5000000226,2024,2,S,,,510000,S,25399.2,25399.2,USD,,,,,4500000226,10,,40,,0.0,T,148.72,40214.45,,10,0,60,0.04,
100,1000,5000000226,2024,1,K,V0007,,160000,H,11036.7,11036.7,USD,2024-09-05,N060,2024-10-14,CL5000000226,4500000226,20,2024.0,31,,0.0,T,36.49,7075.67,Payment received,30,60,0,0.78,
100,1000,5000000226,2024,2,S,,,510000,S,11036.7,11036.7,USD,,,,,4500000226,20,,40,,0.0,C,29.96,696.65,Invoice clearing,10,0,90,0.84,A
100,1000,5000000227,2024,1,K,V0014,,160000,H,80450.04,80450.04,USD,2024-07-18,N014,2024-09-04,,4500000227,10,2024.0,31,,0.0,,219.8,41535.58,Cash discount,10,0,60,0.95,
100,1000,5000000227,2024,2,S,,,510000,S,80450.04,80450.04,USD,,,,,4500000227,10,,40,,0.0,B,242.13,49130.11,,30,0,60,0.7,
100,1000,5000000228,2024,1,K,V0004,,160000,H,155917.8,155917.8,USD,2024-02-12,N060,2024-03-30,CL5000000228,4500000228,10,2024.0,31,,0.0,,102.01,6622.69,,30,30,0,0.78,
100,1000,5000000228,2024,2,S,,,510000,S,155917.8,155917.8,USD,,,,,4500000228,10,,40,,0.0,,303.33,41201.3,Invoice clearing,14,30,60,0.14,
100,1000,5000000229,2024,1,K,V0008,,160000,H,57326.91,57326.91,USD,2024-09-17,2/10N30,2024-11-13,,4500000229,10,2024.0,31,,2.0,,156.29,18674.76,Invoice clearing,0,45,90,1.45,
100,1000,5000000229,2024,2,S,,,510000,S,57326.91,57326.91,USD,,,,,4500000229,10,,40,,0.0,,359.18,31551.85,Outstanding,0,60,0,0.56,
100,1000,5000000229,2024,1,K,V0008,,160000,H,7177.72,7177.72,USD,2024-09-10,2/10N30,2024-09-28,CL5000000229,4500000229,20,2024.0,31,,2.0,B,367.1,32269.78,Bank transfer,30,45,0,1.85,B
100,1000,5000000229,2024,2,S,,,510000,S,7177.72,7177.72,USD,,,,,4500000229,20,,40,,0.0,U,430.39,29157.96,Credit memo,0,0,0,1.4,
100,1000,5000000230,2024,1,K,V0005,,160000,H,49777.23,49777.23,USD,2024-03-20,N060,2024-05-18,,4500000230,10,2024.0,31,,0.0,T,487.69,13015.15,Invoice clearing,20,0,90,1.1,A
100,1000,5000000230,2024,2,S,,,510000,S,49777.23,49777.23,USD,,,,,4500000230,10,,40,,0.0,U,65.38,40656.08,Payment received,20,45,90,0.19,
100,1000,5000000231,2024,1,K,V0014,,160000,H,163207.93,163207.93,USD,2024-07-10,N014,2024-08-08,CL5000000231,4500000231,10,2024.0,31,,0.0,,185.27,1187.83,,20,60,0,0.65,
100,1000,5000000231,2024,2,S,,,510000,S,163207.93,163207.93,USD,,,,,4500000231,10,,40,,0.0,B,280.83,3317.15,,14,0,60,1.58,
100,1000,5000000231,2024,1,K,V0014,,160000,H,19214.08,19214.08,USD,2024-07-10,N014,2024-07-27,CL5000000231,4500000231,20,2024.0,31,,0.0,,159.56,45134.55,Outstanding,0,0,0,1.73,
100,1000,5000000231,2024,2,S,,,510000,S,19214.08,19214.08,USD,,,,,4500000231,20,,40,,0.0,U,233.24,22227.22,Payment received,10,30,0,0.11,
100,1000,5000000232,2024,1,K,V0002,,160000,H,14652.37,14652.37,USD,2024-10-12,2/10N30,2024-12-03,,4500000232,10,2024.0,31,,2.0,B,133.74,6526.7,Cash discount,30,0,60,1.87,
100,1000,5000000232,2024,2,S,,,510000,S,14652.37,14652.37,USD,,,,,4500000232,10,,40,,0.0,,123.96,45263.39,,0,0,0,0.61,B
100,1000,5000000233,2024,1,K,V0011,,160000,H,25523.1,25523.1,USD,2024-06-11,2/10N30,2024-07-06,CL5000000233,4500000233,10,2024.0,31,,2.0,,48.41,41484.87,,14,0,60,1.31,
100,1000,5000000233,2024,2,S,,,510000,S,25523.1,25523.1,USD,,,,,4500000233,10,,40,,0.0,U,145.11,16644.34,Payment received,10,45,0,1.15,
100,1000,5000000234,2024,1,K,V0006,,160000,H,13027.56,13027.56,USD,2024-05-22,N060,,CL5000000234,4500000234,10,,31,,0.0,U,192.07,2230.55,Bank transfer,30,30,90,0.88,A
100,1000,5000000234,2024,2,S,,,510000,S,13027.56,13027.56,USD,,,,,4500000234,10,,40,,0.0,T,307.69,23103.65,Outstanding,10,0,0,0.96,B
100,1000,5000000235,2024,1,K,V0013,,160000,H,145305.2,145305.2,USD,2024-07-13,N060,,CL5000000235,4500000235,10,,31,,0.0,,124.14,8482.66,Bank transfer,30,60,60,1.79,
100,1000,5000000235,2024,2,S,,,510000,S,145305.2,145305.2,USD,,,,,4500000235,10,,40,,0.0,T,432.65,28736.82,Payment received,20,0,90,0.42,
100,1000,5000000236,2024,1,K,V0014,,160000,H,5402.8,5402.8,USD,2024-05-25,2/10N30,2024-06-12,CL5000000236,4500000236,10,2024.0,31,,2.0,U,79.85,41102.1,Bank transfer,30,0,90,1.61,
100,1000,5000000236,2024,2,S,,,510000,S,5402.8,5402.8,USD,,,,,4500000236,10,,40,,0.0,,163.72,19810.43,Cash discount,30,60,0,0.39,
100,1000,5000000236,2024,1,K,V0014,,160000,H,4114.17,4114.17,USD,2024-06-10,2/10N30,2024-08-04,,4500000236,20,2024.0,31,,2.0,B,288.84,1571.17,Payment received,14,60,90,1.3,
100,1000,5000000236,2024,2,S,,,510000,S,4114.17,4114.17,USD,,,,,4500000236,20,,40,,0.0,,156.36,34192.32,Credit memo,14,60,90,0.72,
100,1000,5000000237,2024,1,K,V0012,,160000,H,7868.31,7868.31,USD,2024-06-25,N014,2024-07-04,,4500000237,10,2024.0,31,,0.0,B,381.56,8723.08,Bank transfer,14,30,60,1.71,
100,1000,5000000237,2024,2,S,,,510000,S,7868.31,7868.31,USD,,,,,4500000237,10,,40,,0.0,T,249.13,10814.33,Payment received,0,30,0,0.2,
100,1000,5000000238,2024,1,K,V0004,,160000,H,156166.4,156166.4,USD,2024-05-19,2/10N30,2024-05-31,CL5000000238,4500000238,10,2024.0,31,,2.0,T,257.36,9438.84,Cash discount,20,30,60,1.57,A
100,1000,5000000238,2024,2,S,,,510000,S,156166.4,156166.4,USD,,,,,4500000238,10,,40,,0.0,C,249.38,14064.74,Invoice clearing,20,45,60,1.72,
100,1000,5000000239,2024,1,K,V0015,,160000,H,133388.36,133388.36,USD,2024-06-24,N060,2024-07-26,CL5000000239,4500000239,10,2024.0,31,,0.0,,154.27,44182.85,Outstanding,30,60,90,0.75,
100,1000,5000000239,2024,2,S,,,510000,S,133388.36,133388.36,USD,,,,,4500000239,10,,40,,0.0,,11.59,1829.01,,14,60,90,1.97,A
100,1000,5000000239,2024,1,K,V0015,,160000,H,69631.5,69631.5,USD,2024-07-02,N060,2024-08-09,CL5000000239,4500000239,20,2024.0,31,,0.0,,472.62,30996.91,Credit memo,20,30,60,1.36,
100,1000,5000000239,2024,2,S,,,510000,S,69631.5,69631.5,USD,,,,,4500000239,20,,40,,0.0,,252.72,12364.66,,20,60,90,0.34,A
100,1000,5000000240,2024,1,K,V0002,,160000,H,17808.42,17808.42,USD,2024-04-17,2/10N30,2024-06-10,CL5000000240,4500000240,10,2024.0,31,,2.0,,483.34,14825.75,,30,0,60,0.11,
100,1000,5000000240,2024,2,S,,,510000,S,17808.42,17808.42,USD,,,,,4500000240,10,,40,,0.0,T,107.57,20658.41,Bank transfer,30,30,60,0.71,A
100,1000,5000000241,2024,1,K,V0006,,160000,H,41939.1,41939.1,USD,2024-04-24,N030,2024-05-02,CL5000000241,4500000241,10,2024.0,31,,0.0,,176.45,27579.36,Payment received,10,0,0,0.95,
100,1000,5000000241,2024,2,S,,,510000,S,41939.1,41939.1,USD,,,,,4500000241,10,,40,,0.0,,25.27,3142.86,Invoice clearing,10,60,60,1.89,A
100,1000,5000000242,2024,1,K,V0002,,160000,H,114723.92,114723.92,USD,2024-06-22,N060,2024-06-30,CL5000000242,4500000242,10,2024.0,31,,0.0,,247.45,14060.82,Invoice clearing,30,60,90,0.23,
100,1000,5000000242,2024,2,S,,,510000,S,114723.92,114723.92,USD,,,,,4500000242,10,,40,,0.0,B,441.17,6948.08,Outstanding,10,0,0,1.03,
100,1000,5000000242,2024,1,K,V0002,,160000,H,6248.88,6248.88,USD,2024-06-23,N060,2024-08-06,CL5000000242,4500000242,20,2024.0,31,,0.0,,327.13,10052.94,Credit memo,20,60,0,0.68,A
100,1000,5000000242,2024,2,S,,,510000,S,6248.88,6248.88,USD,,,,,4500000242,20,,40,,0.0,T,235.29,44244.16,Credit memo,30,30,90,0.87,A
100,1000,5000000243,2024,1,K,V0015,,160000,H,9293.44,9293.44,USD,2024-09-01,N030,2024-10-02,CL5000000243,4500000243,10,2024.0,31,,0.0,,268.35,26338.12,Outstanding,30,45,60,0.3,
100,1000,5000000243,2024,2,S,,,510000,S,9293.44,9293.44,USD,,,,,4500000243,10,,40,,0.0,,423.59,31574.64,Bank transfer,14,45,60,1.45,A
100,1000,5000000244,2024,1,K,V0001,,160000,H,97408.08,97408.08,USD,2024-11-27,N030,2024-12-21,CL5000000244,4500000244,10,2024.0,31,,0.0,C,215.46,40128.19,Bank transfer,20,45,0,0.49,
100,1000,5000000244,2024,2,S,,,510000,S,97408.08,97408.08,USD,,,,,4500000244,10,,40,,0.0,U,441.23,39762.83,,20,60,0,0.24,
100,1000,5000000245,2024,1,K,V0004,,160000,H,27791.27,27791.27,USD,2024-08-24,N030,2024-08-31,CL5000000245,4500000245,10,2024.0,31,,0.0,,363.75,49471.24,,0,30,90,0.79,
100,1000,5000000245,2024,2,S,,,510000,S,27791.27,27791.27,USD,,,,,4500000245,10,,40,,0.0,,381.93,39117.6,Payment received,0,30,0,0.61,
100,1000,5000000246,2024,1,K,V0004,,160000,H,132487.12,132487.12,USD,2024-05-12,N014,2024-05-26,CL5000000246,4500000246,10,2024.0,31,,0.0,U,182.97,18019.69,Outstanding,14,60,60,1.19,
100,1000,5000000246,2024,2,S,,,510000,S,132487.12,132487.12,USD,,,,,4500000246,10,,40,,0.0,B,200.29,27271.44,Cash discount,0,30,60,0.34,B
100,1000,5000000247,2024,1,K,V0011,,160000,H,102890.02,102890.02,USD,2024-06-07,N014,2024-06-13,CL5000000247,4500000247,10,2024.0,31,,0.0,C,285.14,24285.51,,10,60,90,1.49,B
100,1000,5000000247,2024,2,S,,,510000,S,102890.02,102890.02,USD,,,,,4500000247,10,,40,,0.0,,97.33,45642.58,Invoice clearing,30,45,90,1.55,
100,1000,5000000248,2024,1,K,V0006,,160000,H,5750.22,5750.22,USD,2024-11-18,N060,2025-01-04,CL5000000248,4500000248,10,2025.0,31,,0.0,U,276.61,25169.42,Invoice clearing,10,30,60,1.98,
100,1000,5000000248,2024,2,S,,,510000,S,5750.22,5750.22,USD,,,,,4500000248,10,,40,,0.0,,36.77,19480.23,Outstanding,20,60,90,1.34,
100,1000,5000000248,2024,1,K,V0006,,160000,H,11965.8,11965.8,USD,2024-11-14,N060,2024-12-17,CL5000000248,4500000248,20,2024.0,31,,0.0,,252.13,9072.81,Credit memo,0,30,90,0.18,
100,1000,5000000248,2024,2,S,,,510000,S,11965.8,11965.8,USD,,,,,4500000248,20,,40,,0.0,U,382.2,16011.99,Invoice clearing,10,0,0,0.93,A
100,1000,5000000249,2024,1,K,V0007,,160000,H,5814.12,5814.12,USD,2024-05-29,2/10N30,2024-06-29,CL5000000249,4500000249,10,2024.0,31,,2.0,T,139.86,11029.11,Outstanding,20,0,0,1.64,B
100,1000,5000000249,2024,2,S,,,510000,S,5814.12,5814.12,USD,,,,,4500000249,10,,40,,0.0,U,494.55,44798.66,Outstanding,0,0,0,0.76,B
100,1000,5000000250,2024,1,K,V0013,,160000,H,74876.67,74876.67,USD,2024-10-22,2/10N30,,CL5000000250,4500000250,10,,31,,2.0,B,340.2,38949.06,,30,60,60,1.26,B
100,1000,5000000250,2024,2,S,,,510000,S,74876.67,74876.67,USD,,,,,4500000250,10,,40,,0.0,U,59.41,3023.7,,30,30,60,0.89,
100,1000,5000000251,2024,1,K,V0003,,160000,H,21221.9,21221.9,USD,2024-04-24,N060,2024-05-22,CL5000000251,4500000251,10,2024.0,31,,0.0,B,487.54,49577.41,,0,0,60,0.02,
100,1000,5000000251,2024,2,S,,,510000,S,21221.9,21221.9,USD,,,,,4500000251,10,,40,,0.0,B,196.95,26518.67,Bank transfer,30,30,0,0.23,B
100,1000,5000000252,2024,1,K,V0003,,160000,H,147193.2,147193.2,USD,2024-08-26,2/10N30,2024-10-22,CL5000000252,4500000252,10,2024.0,31,,2.0,,397.45,38365.42,Credit memo,14,60,90,0.24,
100,1000,5000000252,2024,2,S,,,510000,S,147193.2,147193.2,USD,,,,,4500000252,10,,40,,0.0,T,169.54,49980.33,,0,0,60,1.28,
100,1000,5000000253,2024,1,K,V0006,,160000,H,5143.8,5143.8,USD,2024-11-04,N014,,,4500000253,10,,31,,0.0,,469.47,48701.6,,14,0,90,1.82,
100,1000,5000000253,2024,2,S,,,510000,S,5143.8,5143.8,USD,,,,,4500000253,10,,40,,0.0,C,377.48,5096.7,Payment received,0,60,0,0.45,B
100,1000,5000000254,2024,1,K,V0014,,160000,H,25563.14,25563.14,USD,2024-07-05,N014,,CL5000000254,4500000254,10,,31,,0.0,B,99.53,32877.53,,14,30,0,1.17,
100,1000,5000000254,2024,2,S,,,510000,S,25563.14,25563.14,USD,,,,,4500000254,10,,40,,0.0,U,254.56,13399.7,Invoice clearing,30,0,90,1.97,B
100,1000,5000000255,2024,1,K,V0001,,160000,H,2703.38,2703.38,USD,2024-03-30,N030,,CL5000000255,4500000255,10,,31,,0.0,,250.04,40832.63,Outstanding,30,30,60,0.96,
100,1000,5000000255,2024,2,S,,,510000,S,2703.38,2703.38,USD,,,,,4500000255,10,,40,,0.0,U,22.65,45871.25,Invoice clearing,10,45,0,1.39,B
100,1000,5000000256,2024,1,K,V0003,,160000,H,1977.61,1977.61,USD,2024-04-06,N060,2024-05-13,CL5000000256,4500000256,10,2024.0,31,,0.0,B,68.52,2889.84,,20,60,60,0.19,B
100,1000,5000000256,2024,2,S,,,510000,S,1977.61,1977.61,USD,,,,,4500000256,10,,40,,0.0,,166.52,49819.96,Bank transfer,14,0,0,1.19,
100,1000,5000000257,2024,1,K,V0007,,160000,H,67031.75,67031.75,USD,2024-07-29,2/10N30,2024-08-10,CL5000000257,4500000257,10,2024.0,31,,2.0,U,236.87,11048.64,Bank transfer,0,60,0,0.77,
100,1000,5000000257,2024,2,S,,,510000,S,67031.75,67031.75,USD,,,,,4500000257,10,,40,,0.0,,228.49,42340.6,Credit memo,30,45,0,2.0,
100,1000,5000000258,2024,1,K,V0014,,160000,H,3091.3,3091.3,USD,2024-10-10,2/10N30,2024-10-22,CL5000000258,4500000258,10,2024.0,31,,2.0,,303.13,39889.8,,30,60,0,1.41,
100,1000,5000000258,2024,2,S,,,510000,S,3091.3,3091.3,USD,,,,,4500000258,10,,40,,0.0,,257.75,17804.75,Credit memo,0,60,0,0.6,
100,1000,5000000259,2024,1,K,V0012,,160000,H,27045.64,27045.64,USD,2024-06-07,N060,2024-07-12,CL5000000259,4500000259,10,2024.0,31,,0.0,T,163.98,41977.19,Payment received,20,0,0,0.25,
100,1000,5000000259,2024,2,S,,,510000,S,27045.64,27045.64,USD,,,,,4500000259,10,,40,,0.0,U,306.53,42276.52,Outstanding,0,45,0,0.65,
100,1000,5000000260,2024,1,K,V0003,,160000,H,71885.3,71885.3,USD,2024-10-10,N030,2024-10-27,CL5000000260,4500000260,10,2024.0,31,,0.0,T,81.25,8887.41,Bank transfer,14,0,60,1.43,
100,1000,5000000260,2024,2,S,,,510000,S,71885.3,71885.3,USD,,,,,4500000260,10,,40,,0.0,B,495.31,29666.72,Outstanding,14,30,60,1.72,
100,1000,5000000261,2024,1,K,V0014,,160000,H,97091.8,97091.8,USD,2024-05-01,N030,2024-06-02,CL5000000261,4500000261,10,2024.0,31,,0.0,B,369.66,40329.89,Invoice clearing,10,45,0,1.08,
100,1000,5000000261,2024,2,S,,,510000,S,97091.8,97091.8,USD,,,,,4500000261,10,,40,,0.0,B,149.62,34911.57,,0,60,60,0.81,
100,1000,5000000262,2024,1,K,V0010,,160000,H,41645.79,41645.79,USD,2024-04-20,2/10N30,2024-05-03,CL5000000262,4500000262,10,2024.0,31,,2.0,T,168.19,45707.6,Credit memo,30,60,0,1.4,
100,1000,5000000262,2024,2,S,,,510000,S,41645.79,41645.79,USD,,,,,4500000262,10,,40,,0.0,,414.14,1507.51,Invoice clearing,10,30,60,0.79,
100,1000,5000000263,2024,1,K,V0006,,160000,H,8414.06,8414.06,USD,2024-06-14,N030,2024-07-18,CL5000000263,4500000263,10,2024.0,31,,0.0,U,266.17,35057.98,Cash discount,0,60,60,1.63,A
100,1000,5000000263,2024,2,S,,,510000,S,8414.06,8414.06,USD,,,,,4500000263,10,,40,,0.0,,354.37,47383.18,,0,0,90,1.57,
100,1000,5000000263,2024,1,K,V0006,,160000,H,1738.62,1738.62,USD,2024-06-26,N030,2024-08-06,,4500000263,20,2024.0,31,,0.0,,149.9,28223.96,Credit memo,30,45,0,1.06,
100,1000,5000000263,2024,2,S,,,510000,S,1738.62,1738.62,USD,,,,,4500000263,20,,40,,0.0,,407.87,28199.13,Credit memo,20,30,60,0.13,
100,1000,5000000264,2024,1,K,V0006,,160000,H,107998.26,107998.26,USD,2024-07-30,N014,2024-09-12,CL5000000264,4500000264,10,2024.0,31,,0.0,T,184.18,9492.86,Bank transfer,0,30,0,1.67,B
100,1000,5000000264,2024,2,S,,,510000,S,107998.26,107998.26,USD,,,,,4500000264,10,,40,,0.0,,336.9,49401.51,Outstanding,10,60,0,1.08,
100,1000,5000000264,2024,1,K,V0006,,160000,H,2573.04,2573.04,USD,2024-08-03,N014,2024-09-27,CL5000000264,4500000264,20,2024.0,31,,0.0,,489.95,44093.16,Cash discount,30,60,90,1.64,A
100,1000,5000000264,2024,2,S,,,510000,S,2573.04,2573.04,USD,,,,,4500000264,20,,40,,0.0,,291.85,24662.11,Bank transfer,14,30,60,1.3,A
100,1000,5000000265,2024,1,K,V0007,,160000,H,89108.88,89108.88,USD,2024-10-01,N060,2024-11-17,CL5000000265,4500000265,10,2024.0,31,,0.0,U,398.38,15521.75,,20,0,0,1.51,A
100,1000,5000000265,2024,2,S,,,510000,S,89108.88,89108.88,USD,,,,,4500000265,10,,40,,0.0,U,362.66,24572.78,Bank transfer,30,0,60,0.41,B
100,1000,5000000266,2024,1,K,V0014,,160000,H,48096.0,48096.0,USD,2024-06-04,N030,2024-06-26,CL5000000266,4500000266,10,2024.0,31,,0.0,T,344.02,4603.84,Bank transfer,10,45,0,1.32,A
100,1000,5000000266,2024,2,S,,,510000,S,48096.0,48096.0,USD,,,,,4500000266,10,,40,,0.0,C,13.32,11707.91,Bank transfer,0,60,0,0.23,
100,1000,5000000267,2024,1,K,V0007,,160000,H,122941.04,122941.04,USD,2024-06-29,N060,2024-07-20,CL5000000267,4500000267,10,2024.0,31,,0.0,,237.3,11018.57,Outstanding,10,30,0,1.72,
100,1000,5000000267,2024,2,S,,,510000,S,122941.04,122941.04,USD,,,,,4500000267,10,,40,,0.0,B,483.54,26369.78,Bank transfer,0,60,0,1.39,
100,1000,5000000268,2024,1,K,V0012,,160000,H,152264.88,152264.88,USD,2024-07-10,N030,2024-08-17,,4500000268,10,2024.0,31,,0.0,,391.45,134.11,Bank transfer,30,60,90,0.01,
100,1000,5000000268,2024,2,S,,,510000,S,152264.88,152264.88,USD,,,,,4500000268,10,,40,,0.0,,388.08,45903.02,Bank transfer,20,0,0,0.89,
100,1000,5000000269,2024,1,K,V0013,,160000,H,46584.96,46584.96,USD,2024-09-03,2/10N30,2024-10-22,CL5000000269,4500000269,10,2024.0,31,,2.0,U,288.82,10153.07,Bank transfer,30,60,0,0.63,A
100,1000,5000000269,2024,2,S,,,510000,S,46584.96,46584.96,USD,,,,,4500000269,10,,40,,0.0,,360.7,6611.43,Credit memo,10,45,90,0.08,
100,1000,5000000270,2024,1,K,V0005,,160000,H,154760.06,154760.06,USD,2024-03-24,N014,2024-05-22,CL5000000270,4500000270,10,2024.0,31,,0.0,U,291.76,35875.19,Cash discount,10,0,60,1.15,B
100,1000,5000000270,2024,2,S,,,510000,S,154760.06,154760.06,USD,,,,,4500000270,10,,40,,0.0,,85.26,45947.16,Invoice clearing,14,0,90,1.31,B
100,1000,5000000270,2024,1,K,V0005,,160000,H,81481.02,81481.02,USD,2024-03-20,N014,2024-05-19,CL5000000270,4500000270,20,2024.0,31,,0.0,T,314.51,42229.78,Invoice clearing,14,60,0,0.18,
100,1000,5000000270,2024,2,S,,,510000,S,81481.02,81481.02,USD,,,,,4500000270,20,,40,,0.0,C,309.87,16247.08,Invoice clearing,0,0,0,0.51,
100,1000,5000000271,2024,1,K,V0002,,160000,H,12271.32,12271.32,USD,2024-09-27,2/10N30,2024-11-15,CL5000000271,4500000271,10,2024.0,31,,2.0,B,420.58,1193.45,,10,45,0,1.51,
100,1000,5000000271,2024,2,S,,,510000,S,12271.32,12271.32,USD,,,,,4500000271,10,,40,,0.0,,73.89,29371.8,Payment received,14,30,60,0.17,A
100,1000,5000000272,2024,1,K,V0004,,160000,H,202245.0,202245.0,USD,2024-06-01,N030,2024-06-22,CL5000000272,4500000272,10,2024.0,31,,0.0,C,340.36,45869.48,Payment received,14,45,90,0.25,A
100,1000,5000000272,2024,2,S,,,510000,S,202245.0,202245.0,USD,,,,,4500000272,10,,40,,0.0,B,15.79,38740.89,,30,0,90,0.6,A
100,1000,5000000273,2024,1,K,V0004,,160000,H,425.2,425.2,USD,2024-10-04,N060,2024-11-03,,4500000273,10,2024.0,31,,0.0,U,474.1,42339.4,Credit memo,0,45,90,1.93,A
100,1000,5000000273,2024,2,S,,,510000,S,425.2,425.2,USD,,,,,4500000273,10,,40,,0.0,,54.95,43047.41,Credit memo,20,0,90,0.34,B
100,1000,5000000274,2024,1,K,V0003,,160000,H,44532.05,44532.05,USD,2024-11-23,2/10N30,2025-01-21,CL5000000274,4500000274,10,2025.0,31,,2.0,U,9.47,48031.88,,30,60,60,1.95,
100,1000,5000000274,2024,2,S,,,510000,S,44532.05,44532.05,USD,,,,,4500000274,10,,40,,0.0,T,156.85,18742.18,Outstanding,0,0,0,1.32,
100,1000,5000000274,2024,1,K,V0003,,160000,H,12325.95,12325.95,USD,2024-11-15,2/10N30,2024-12-06,CL5000000274,4500000274,20,2024.0,31,,2.0,T,75.72,47101.97,,0,30,0,0.5,B
100,1000,5000000274,2024,2,S,,,510000,S,12325.95,12325.95,USD,,,,,4500000274,20,,40,,0.0,,345.25,19840.22,Cash discount,30,45,90,0.09,
100,1000,5000000275,2024,1,K,V0008,,160000,H,69468.21,69468.21,USD,2024-06-17,2/10N30,,CL5000000275,4500000275,10,,31,,2.0,,205.19,5141.51,Outstanding,14,60,90,1.89,B
100,1000,5000000275,2024,2,S,,,510000,S,69468.21,69468.21,USD,,,,,4500000275,10,,40,,0.0,,387.49,15158.08,,14,0,90,1.81,A
100,1000,5000000276,2024,1,K,V0006,,160000,H,32841.6,32841.6,USD,2024-06-01,N060,2024-07-07,CL5000000276,4500000276,10,2024.0,31,,0.0,C,460.26,6908.94,Bank transfer,20,45,0,0.59,A
100,1000,5000000276,2024,2,S,,,510000,S,32841.6,32841.6,USD,,,,,4500000276,10,,40,,0.0,,436.41,7959.44,Cash discount,20,45,60,1.07,
100,1000,5000000276,2024,1,K,V0006,,160000,H,20389.65,20389.65,USD,2024-06-01,N060,2024-06-26,CL5000000276,4500000276,20,2024.0,31,,0.0,C,367.92,47439.81,Payment received,0,45,0,0.28,B
100,1000,5000000276,2024,2,S,,,510000,S,20389.65,20389.65,USD,,,,,4500000276,20,,40,,0.0,B,31.14,39612.94,,20,60,60,0.98,
100,1000,5000000277,2024,1,K,V0003,,160000,H,111473.6,111473.6,USD,2024-08-06,N030,2024-09-11,CL5000000277,4500000277,10,2024.0,31,,0.0,,69.04,48037.04,,30,0,60,0.63,
100,1000,5000000277,2024,2,S,,,510000,S,111473.6,111473.6,USD,,,,,4500000277,10,,40,,0.0,T,103.67,32494.1,Payment received,20,0,90,1.82,
100,1000,5000000278,2024,1,K,V0014,,160000,H,38013.28,38013.28,USD,2024-05-25,N014,2024-07-12,CL5000000278,4500000278,10,2024.0,31,,0.0,,162.52,8792.71,Credit memo,10,60,90,1.99,A
100,1000,5000000278,2024,2,S,,,510000,S,38013.28,38013.28,USD,,,,,4500000278,10,,40,,0.0,U,331.11,48440.27,,0,30,0,1.21,
100,1000,5000000279,2024,1,K,V0014,,160000,H,6307.47,6307.47,USD,2024-11-03,N030,2024-12-29,,4500000279,10,2024.0,31,,0.0,T,262.74,34708.66,Cash discount,10,45,90,1.02,
100,1000,5000000279,2024,2,S,,,510000,S,6307.47,6307.47,USD,,,,,4500000279,10,,40,,0.0,C,156.88,46449.38,,0,0,90,1.38,B
100,1000,5000000280,2024,1,K,V0005,,160000,H,67711.77,67711.77,USD,2024-06-18,N030,2024-07-15,CL5000000280,4500000280,10,2024.0,31,,0.0,,86.59,39370.89,Invoice clearing,0,60,60,1.33,
100,1000,5000000280,2024,2,S,,,510000,S,67711.77,67711.77,USD,,,,,4500000280,10,,40,,0.0,T,456.06,11239.54,,30,60,90,0.09,B
100,1000,5000000281,2024,1,K,V0015,,160000,H,32223.04,32223.04,USD,2024-09-29,2/10N30,2024-10-22,CL5000000281,4500000281,10,2024.0,31,,2.0,U,171.16,29488.61,Credit memo,14,45,60,0.07,A
100,1000,5000000281,2024,2,S,,,510000,S,32223.04,32223.04,USD,,,,,4500000281,10,,40,,0.0,T,177.14,8850.05,Payment received,20,60,90,0.28,
100,1000,5000000281,2024,1,K,V0015,,160000,H,25205.12,25205.12,USD,2024-10-02,2/10N30,2024-11-12,CL5000000281,4500000281,20,2024.0,31,,2.0,,385.99,15410.48,Payment received,10,45,60,1.71,B
100,1000,5000000281,2024,2,S,,,510000,S,25205.12,25205.12,USD,,,,,4500000281,20,,40,,0.0,,360.46,34456.07,Bank transfer,20,0,0,0.43,B
100,1000,5000000282,2024,1,K,V0009,,160000,H,12834.5,12834.5,USD,2024-07-23,2/10N30,2024-08-23,CL5000000282,4500000282,10,2024.0,31,,2.0,C,321.65,6454.68,,0,45,60,0.27,
100,1000,5000000282,2024,2,S,,,510000,S,12834.5,12834.5,USD,,,,,4500000282,10,,40,,0.0,U,346.66,36468.66,Invoice clearing,10,30,0,1.1,A
100,1000,5000000283,2024,1,K,V0008,,160000,H,29191.6,29191.6,USD,2024-06-17,N060,2024-08-16,CL5000000283,4500000283,10,2024.0,31,,0.0,,305.04,47444.53,Credit memo,10,45,60,1.18,
100,1000,5000000283,2024,2,S,,,510000,S,29191.6,29191.6,USD,,,,,4500000283,10,,40,,0.0,B,96.13,47440.04,Credit memo,0,45,0,0.55,
100,1000,5000000283,2024,1,K,V0008,,160000,H,23950.5,23950.5,USD,2024-06-04,N060,,,4500000283,20,,31,,0.0,,123.26,19640.91,Outstanding,20,30,90,1.46,
100,1000,5000000283,2024,2,S,,,510000,S,23950.5,23950.5,USD,,,,,4500000283,20,,40,,0.0,,279.04,49714.73,Cash discount,10,45,60,0.84,
100,1000,5000000284,2024,1,K,V0011,,160000,H,57413.25,57413.25,USD,2024-06-04,2/10N30,2024-06-10,CL5000000284,4500000284,10,2024.0,31,,2.0,B,112.43,48262.68,Outstanding,20,60,60,1.1,A
100,1000,5000000284,2024,2,S,,,510000,S,57413.25,57413.25,USD,,,,,4500000284,10,,40,,0.0,U,486.46,1715.9,Bank transfer,10,0,60,0.52,
100,1000,5000000285,2024,1,K,V0014,,160000,H,108259.62,108259.62,USD,2024-11-16,N030,2025-01-05,CL5000000285,4500000285,10,2025.0,31,,0.0,,148.81,30159.19,Outstanding,14,0,60,1.3,
100,1000,5000000285,2024,2,S,,,510000,S,108259.62,108259.62,USD,,,,,4500000285,10,,40,,0.0,U,144.5,46059.81,,30,0,90,0.33,
100,1000,5000000286,2024,1,K,V0002,,160000,H,51462.5,51462.5,USD,2024-11-30,2/10N30,2024-12-19,CL5000000286,4500000286,10,2024.0,31,,2.0,U,103.64,48379.83,Credit memo,0,0,90,0.91,
100,1000,5000000286,2024,2,S,,,510000,S,51462.5,51462.5,USD,,,,,4500000286,10,,40,,0.0,C,352.49,11122.67,Credit memo,30,30,60,1.89,
100,1000,5000000287,2024,1,K,V0014,,160000,H,49960.8,49960.8,USD,2024-09-11,N060,,CL5000000287,4500000287,10,,31,,0.0,U,158.52,28320.96,Cash discount,20,45,0,1.35,
100,1000,5000000287,2024,2,S,,,510000,S,49960.8,49960.8,USD,,,,,4500000287,10,,40,,0.0,,174.4,46840.72,,30,45,0,1.88,
100,1000,5000000288,2024,1,K,V0009,,160000,H,71073.45,71073.45,USD,2024-05-20,N014,2024-06-15,CL5000000288,4500000288,10,2024.0,31,,0.0,C,466.85,7118.1,,30,60,60,0.29,
100,1000,5000000288,2024,2,S,,,510000,S,71073.45,71073.45,USD,,,,,4500000288,10,,40,,0.0,U,397.7,37292.63,Bank transfer,30,45,60,0.41,
100,1000,5000000289,2024,1,K,V0015,,160000,H,185280.4,185280.4,USD,2024-03-28,N030,2024-04-25,CL5000000289,4500000289,10,2024.0,31,,0.0,C,136.73,11976.0,,30,30,90,1.26,
100,1000,5000000289,2024,2,S,,,510000,S,185280.4,185280.4,USD,,,,,4500000289,10,,40,,0.0,,60.94,49120.74,Credit memo,0,60,90,0.54,
100,1000,5000000290,2024,1,K,V0008,,160000,H,187656.2,187656.2,USD,2024-05-13,N014,2024-05-23,CL5000000290,4500000290,10,2024.0,31,,0.0,,338.31,8477.58,Credit memo,14,60,60,1.27,
100,1000,5000000290,2024,2,S,,,510000,S,187656.2,187656.2,USD,,,,,4500000290,10,,40,,0.0,,189.85,44277.48,,14,45,0,1.29,
100,1000,5000000291,2024,1,K,V0011,,160000,H,207023.0,207023.0,USD,2024-05-05,2/10N30,2024-05-31,CL5000000291,4500000291,10,2024.0,31,,2.0,C,490.08,4527.43,Outstanding,30,30,0,1.43,
100,1000,5000000291,2024,2,S,,,510000,S,207023.0,207023.0,USD,,,,,4500000291,10,,40,,0.0,,409.19,35477.39,,14,0,90,1.13,
100,1000,5000000292,2024,1,K,V0007,,160000,H,88406.46,88406.46,USD,2024-04-23,N060,2024-04-28,CL5000000292,4500000292,10,2024.0,31,,0.0,T,477.3,31991.22,Cash discount,14,30,90,1.3,A
100,1000,5000000292,2024,2,S,,,510000,S,88406.46,88406.46,USD,,,,,4500000292,10,,40,,0.0,B,402.31,44344.01,Cash discount,0,30,60,1.02,B
100,1000,5000000292,2024,1,K,V0007,,160000,H,26129.42,26129.42,USD,2024-04-28,N060,2024-06-21,,4500000292,20,2024.0,31,,0.0,,145.23,22386.83,Bank transfer,30,30,60,0.33,
100,1000,5000000292,2024,2,S,,,510000,S,26129.42,26129.42,USD,,,,,4500000292,20,,40,,0.0,,143.82,13334.1,Invoice clearing,20,60,90,1.64,
100,1000,5000000293,2024,1,K,V0007,,160000,H,74326.0,74326.0,USD,2024-07-01,N060,2024-08-21,,4500000293,10,2024.0,31,,0.0,,357.07,12552.09,Outstanding,30,60,60,0.63,B
100,1000,5000000293,2024,2,S,,,510000,S,74326.0,74326.0,USD,,,,,4500000293,10,,40,,0.0,U,173.18,3482.96,Bank transfer,14,30,90,1.58,
100,1000,5000000294,2024,1,K,V0002,,160000,H,200317.05,200317.05,USD,2024-02-20,2/10N30,2024-03-02,CL5000000294,4500000294,10,2024.0,31,,2.0,B,221.19,12907.23,,20,0,60,0.76,A
100,1000,5000000294,2024,2,S,,,510000,S,200317.05,200317.05,USD,,,,,4500000294,10,,40,,0.0,,128.22,5490.93,,14,60,90,1.93,
100,1000,5000000295,2024,1,K,V0008,,160000,H,108295.2,108295.2,USD,2024-04-06,2/10N30,2024-05-18,CL5000000295,4500000295,10,2024.0,31,,2.0,,239.54,163.93,Bank transfer,14,30,0,0.49,B
100,1000,5000000295,2024,2,S,,,510000,S,108295.2,108295.2,USD,,,,,4500000295,10,,40,,0.0,B,101.03,19358.26,Cash discount,10,0,60,0.54,
100,1000,5000000295,2024,1,K,V0008,,160000,H,37572.04,37572.04,USD,2024-03-29,2/10N30,,CL5000000295,4500000295,20,,31,,2.0,,269.29,36655.97,Cash discount,10,45,60,1.06,B
100,1000,5000000295,2024,2,S,,,510000,S,37572.04,37572.04,USD,,,,,4500000295,20,,40,,0.0,T,466.51,48458.18,,10,45,0,1.37,
100,1000,5000000296,2024,1,K,V0002,,160000,H,64117.1,64117.1,USD,2024-05-07,2/10N30,2024-06-04,CL5000000296,4500000296,10,2024.0,31,,2.0,B,348.09,44239.14,Payment received,14,30,0,0.81,
100,1000,5000000296,2024,2,S,,,510000,S,64117.1,64117.1,USD,,,,,4500000296,10,,40,,0.0,,68.64,24704.79,Cash discount,30,30,90,0.66,B
100,1000,5000000297,2024,1,K,V0013,,160000,H,102548.61,102548.61,USD,2024-07-23,2/10N30,2024-09-02,CL5000000297,4500000297,10,2024.0,31,,2.0,B,307.84,18997.76,,30,60,60,0.18,
100,1000,5000000297,2024,2,S,,,510000,S,102548.61,102548.61,USD,,,,,4500000297,10,,40,,0.0,,293.42,27346.6,,14,0,0,1.82,B
100,1000,5000000298,2024,1,K,V0012,,160000,H,18793.08,18793.08,USD,2024-10-25,2/10N30,2024-12-10,CL5000000298,4500000298,10,2024.0,31,,2.0,,121.23,5161.29,Cash discount,10,30,90,1.56,
100,1000,5000000298,2024,2,S,,,510000,S,18793.08,18793.08,USD,,,,,4500000298,10,,40,,0.0,,334.92,24026.51,Credit memo,14,45,0,0.29,B
100,1000,5000000299,2024,1,K,V0011,,160000,H,104331.78,104331.78,USD,2024-03-25,N030,,CL5000000299,4500000299,10,,31,,0.0,,265.52,43216.13,,30,30,60,1.6,A
100,1000,5000000299,2024,2,S,,,510000,S,104331.78,104331.78,USD,,,,,4500000299,10,,40,,0.0,U,318.97,32583.38,Outstanding,30,60,60,0.55,A
100,1000,5000000300,2024,1,K,V0008,,160000,H,10756.2,10756.2,USD,2024-03-18,N060,2024-04-01,CL5000000300,4500000300,10,2024.0,31,,0.0,,26.25,34389.3,Outstanding,0,60,60,0.2,
100,1000,5000000300,2024,2,S,,,510000,S,10756.2,10756.2,USD,,,,,4500000300,10,,40,,0.0,C,206.65,8216.56,Payment received,30,0,60,1.96,
100,1000,5000000301,2024,1,K,V0001,,160000,H,15974.42,15974.42,USD,2024-09-20,N014,,CL5000000301,4500000301,10,,31,,0.0,U,358.68,3778.1,,0,45,90,0.44,
100,1000,5000000301,2024,2,S,,,510000,S,15974.42,15974.42,USD,,,,,4500000301,10,,40,,0.0,,50.27,42303.55,Invoice clearing,14,0,90,1.9,
100,1000,5000000301,2024,1,K,V0001,,160000,H,382.86,382.86,USD,2024-09-13,N014,2024-10-03,CL5000000301,4500000301,20,2024.0,31,,0.0,U,385.38,14815.94,Cash discount,30,45,0,1.57,
100,1000,5000000301,2024,2,S,,,510000,S,382.86,382.86,USD,,,,,4500000301,20,,40,,0.0,B,2.59,16003.97,Payment received,0,45,60,0.25,A
100,1000,5000000302,2024,1,K,V0009,,160000,H,103620.0,103620.0,USD,2024-10-25,2/10N30,2024-12-22,CL5000000302,4500000302,10,2024.0,31,,2.0,B,275.18,47587.94,Bank transfer,30,30,60,1.05,A
100,1000,5000000302,2024,2,S,,,510000,S,103620.0,103620.0,USD,,,,,4500000302,10,,40,,0.0,,464.55,3802.6,Outstanding,0,45,60,1.75,
100,1000,5000000303,2024,1,K,V0014,,160000,H,146762.88,146762.88,USD,2024-03-21,N060,2024-05-05,CL5000000303,4500000303,10,2024.0,31,,0.0,,203.45,8588.25,,30,45,90,1.18,
100,1000,5000000303,2024,2,S,,,510000,S,146762.88,146762.88,USD,,,,,4500000303,10,,40,,0.0,,467.52,18835.35,Invoice clearing,30,60,60,1.61,A
100,1000,5000000304,2024,1,K,V0011,,160000,H,3597.0,3597.0,USD,2024-09-02,2/10N30,2024-10-11,CL5000000304,4500000304,10,2024.0,31,,2.0,U,439.2,36626.06,,20,0,90,0.19,
100,1000,5000000304,2024,2,S,,,510000,S,3597.0,3597.0,USD,,,,,4500000304,10,,40,,0.0,U,238.72,27397.61,Credit memo,14,0,0,0.7,
100,1000,5000000305,2024,1,K,V0002,,160000,H,15795.37,15795.37,USD,2024-06-16,N014,2024-06-26,CL5000000305,4500000305,10,2024.0,31,,0.0,B,99.73,44916.4,Outstanding,14,60,0,1.14,A
100,1000,5000000305,2024,2,S,,,510000,S,15795.37,15795.37,USD,,,,,4500000305,10,,40,,0.0,,481.96,4745.92,Credit memo,30,30,90,0.56,
100,1000,5000000306,2024,1,K,V0008,,160000,H,9337.6,9337.6,USD,2024-06-23,N060,2024-08-04,,4500000306,10,2024.0,31,,0.0,C,160.58,29742.12,Credit memo,0,0,60,0.54,B
100,1000,5000000306,2024,2,S,,,510000,S,9337.6,9337.6,USD,,,,,4500000306,10,,40,,0.0,,322.95,30720.87,Outstanding,10,60,60,0.2,
100,1000,5000000307,2024,1,K,V0014,,160000,H,106837.83,106837.83,USD,2024-04-02,N014,2024-04-24,CL5000000307,4500000307,10,2024.0,31,,0.0,C,453.97,24188.57,Credit memo,0,30,0,0.1,B
100,1000,5000000307,2024,2,S,,,510000,S,106837.83,106837.83,USD,,,,,4500000307,10,,40,,0.0,,44.73,1646.56,Payment received,30,60,60,0.64,A
100,1000,5000000308,2024,1,K,V0013,,160000,H,35150.02,35150.02,USD,2024-09-19,N030,2024-10-06,,4500000308,10,2024.0,31,,0.0,U,287.07,47127.87,,14,0,0,1.5,
100,1000,5000000308,2024,2,S,,,510000,S,35150.02,35150.02,USD,,,,,4500000308,10,,40,,0.0,C,267.58,8333.36,Invoice clearing,0,0,60,0.36,B
100,1000,5000000309,2024,1,K,V0001,,160000,H,172466.8,172466.8,USD,2024-06-20,N014,,,4500000309,10,,31,,0.0,,361.56,44498.69,Credit memo,20,45,90,1.61,
100,1000,5000000309,2024,2,S,,,510000,S,172466.8,172466.8,USD,,,,,4500000309,10,,40,,0.0,,468.33,7939.48,Bank transfer,30,60,90,1.36,
100,1000,5000000310,2024,1,K,V0003,,160000,H,1316.46,1316.46,USD,2024-09-15,N014,2024-10-14,CL5000000310,4500000310,10,2024.0,31,,0.0,U,456.61,5152.76,Cash discount,0,45,90,1.58,
100,1000,5000000310,2024,2,S,,,510000,S,1316.46,1316.46,USD,,,,,4500000310,10,,40,,0.0,T,87.53,10356.97,Outstanding,0,60,60,1.1,B
100,1000,5000000310,2024,1,K,V0003,,160000,H,6596.5,6596.5,USD,2024-09-22,N014,,CL5000000310,4500000310,20,,31,,0.0,B,441.12,9580.21,Credit memo,20,0,0,1.76,
100,1000,5000000310,2024,2,S,,,510000,S,6596.5,6596.5,USD,,,,,4500000310,20,,40,,0.0,,87.89,34890.12,Credit memo,10,60,90,0.81,A
100,1000,5000000311,2024,1,K,V0014,,160000,H,29443.92,29443.92,USD,2024-11-19,N014,,CL5000000311,4500000311,10,,31,,0.0,U,459.82,36129.7,,10,60,60,1.18,
100,1000,5000000311,2024,2,S,,,510000,S,29443.92,29443.92,USD,,,,,4500000311,10,,40,,0.0,,498.59,36525.7,,0,30,0,0.52,
100,1000,5000000312,2024,1,K,V0011,,160000,H,158048.56,158048.56,USD,2024-03-28,N060,2024-05-26,CL5000000312,4500000312,10,2024.0,31,,0.0,,198.5,13336.71,Invoice clearing,30,30,0,1.37,A
100,1000,5000000312,2024,2,S,,,510000,S,158048.56,158048.56,USD,,,,,4500000312,10,,40,,0.0,U,247.69,14148.0,,20,30,0,1.43,
100,1000,5000000313,2024,1,K,V0008,,160000,H,40169.92,40169.92,USD,2024-06-09,N030,2024-06-14,CL5000000313,4500000313,10,2024.0,31,,0.0,U,468.3,11953.66,Outstanding,10,45,60,1.32,B
100,1000,5000000313,2024,2,S,,,510000,S,40169.92,40169.92,USD,,,,,4500000313,10,,40,,0.0,,481.07,2576.81,,0,60,90,0.29,B
100,1000,5000000314,2024,1,K,V0013,,160000,H,63896.62,63896.62,USD,2024-07-05,N060,2024-07-11,CL5000000314,4500000314,10,2024.0,31,,0.0,,463.02,28631.31,Cash discount,30,0,90,1.14,
100,1000,5000000314,2024,2,S,,,510000,S,63896.62,63896.62,USD,,,,,4500000314,10,,40,,0.0,,438.37,42008.74,Cash discount,10,60,90,0.53,
100,1000,5000000315,2024,1,K,V0006,,160000,H,41568.0,41568.0,USD,2024-03-16,2/10N30,2024-05-08,CL5000000315,4500000315,10,2024.0,31,,2.0,,4.63,7764.14,Credit memo,14,60,90,1.84,
100,1000,5000000315,2024,2,S,,,510000,S,41568.0,41568.0,USD,,,,,4500000315,10,,40,,0.0,C,283.98,18105.36,,0,30,0,1.28,
100,1000,5000000316,2024,1,K,V0003,,160000,H,10887.24,10887.24,USD,2024-12-05,N060,2025-01-12,CL5000000316,4500000316,10,2025.0,31,,0.0,U,53.65,21437.54,,20,45,0,0.74,A
100,1000,5000000316,2024,2,S,,,510000,S,10887.24,10887.24,USD,,,,,4500000316,10,,40,,0.0,T,491.5,14798.02,Invoice clearing,30,0,60,1.56,
100,1000,5000000317,2024,1,K,V0007,,160000,H,14638.75,14638.75,USD,2024-06-26,N030,2024-07-09,CL5000000317,4500000317,10,2024.0,31,,0.0,C,142.28,33134.81,Invoice clearing,0,0,90,1.36,A
100,1000,5000000317,2024,2,S,,,510000,S,14638.75,14638.75,USD,,,,,4500000317,10,,40,,0.0,,494.55,30050.75,Cash discount,10,30,0,0.84,
100,1000,5000000318,2024,1,K,V0001,,160000,H,48222.0,48222.0,USD,2024-10-23,N014,2024-12-08,,4500000318,10,2024.0,31,,0.0,,271.65,10063.77,Credit memo,0,0,0,0.92,
100,1000,5000000318,2024,2,S,,,510000,S,48222.0,48222.0,USD,,,,,4500000318,10,,40,,0.0,B,246.96,1384.21,Bank transfer,0,60,60,0.88,
100,1000,5000000319,2024,1,K,V0009,,160000,H,3136.35,3136.35,USD,2024-03-24,N014,,CL5000000319,4500000319,10,,31,,0.0,,469.28,8624.53,Credit memo,10,60,90,0.71,
100,1000,5000000319,2024,2,S,,,510000,S,3136.35,3136.35,USD,,,,,4500000319,10,,40,,0.0,T,425.53,14661.39,Credit memo,14,30,0,0.94,A
100,1000,5000000320,2024,1,K,V0013,,160000,H,24843.95,24843.95,USD,2024-11-15,N030,2024-12-11,CL5000000320,4500000320,10,2024.0,31,,0.0,,234.01,4188.61,Outstanding,30,45,90,0.57,
100,1000,5000000320,2024,2,S,,,510000,S,24843.95,24843.95,USD,,,,,4500000320,10,,40,,0.0,,96.41,42204.08,Outstanding,10,60,0,1.91,B
100,1000,5000000321,2024,1,K,V0014,,160000,H,196511.81,196511.81,USD,2024-05-01,N060,2024-06-12,,4500000321,10,2024.0,31,,0.0,U,56.32,15486.83,,0,45,60,1.04,
100,1000,5000000321,2024,2,S,,,510000,S,196511.81,196511.81,USD,,,,,4500000321,10,,40,,0.0,T,81.25,19933.62,Outstanding,0,45,60,1.44,A
100,1000,5000000322,2024,1,K,V0011,,160000,H,48285.36,48285.36,USD,2024-05-16,2/10N30,,CL5000000322,4500000322,10,,31,,2.0,,229.46,24505.93,,20,0,60,1.85,B
100,1000,5000000322,2024,2,S,,,510000,S,48285.36,48285.36,USD,,,,,4500000322,10,,40,,0.0,U,128.63,33085.9,Credit memo,0,60,60,0.46,
100,1000,5000000323,2024,1,K,V0003,,160000,H,1678.6,1678.6,USD,2024-07-10,N014,2024-08-18,,4500000323,10,2024.0,31,,0.0,T,93.1,4647.73,,10,0,0,1.27,A
100,1000,5000000323,2024,2,S,,,510000,S,1678.6,1678.6,USD,,,,,4500000323,10,,40,,0.0,,368.31,27251.89,,20,30,0,0.17,
100,1000,5000000323,2024,1,K,V0003,,160000,H,10556.58,10556.58,USD,2024-07-18,N014,2024-08-30,CL5000000323,4500000323,20,2024.0,31,,0.0,C,395.38,9325.57,Cash discount,0,60,60,0.61,A
100,1000,5000000323,2024,2,S,,,510000,S,10556.58,10556.58,USD,,,,,4500000323,20,,40,,0.0,U,283.89,44286.09,Cash discount,10,30,0,1.54,A
100,1000,5000000324,2024,1,K,V0005,,160000,H,49405.32,49405.32,USD,2024-09-04,2/10N30,2024-10-20,CL5000000324,4500000324,10,2024.0,31,,2.0,,378.64,18533.14,Payment received,30,0,60,1.69,
100,1000,5000000324,2024,2,S,,,510000,S,49405.32,49405.32,USD,,,,,4500000324,10,,40,,0.0,,87.75,22344.19,Cash discount,30,0,0,1.27,
100,1000,5000000325,2024,1,K,V0007,,160000,H,28862.0,28862.0,USD,2024-10-31,N060,2024-12-19,CL5000000325,4500000325,10,2024.0,31,,0.0,C,428.07,13238.47,Bank transfer,0,0,60,0.15,B
100,1000,5000000325,2024,2,S,,,510000,S,28862.0,28862.0,USD,,,,,4500000325,10,,40,,0.0,T,448.52,23306.39,Outstanding,30,60,0,0.48,
100,1000,5000000326,2024,1,K,V0002,,160000,H,61006.68,61006.68,USD,2024-10-06,N014,2024-10-13,CL5000000326,4500000326,10,2024.0,31,,0.0,U,413.49,11389.49,Invoice clearing,0,0,0,0.19,
100,1000,5000000326,2024,2,S,,,510000,S,61006.68,61006.68,USD,,,,,4500000326,10,,40,,0.0,,257.64,13501.24,Bank transfer,20,30,90,1.15,
100,1000,5000000327,2024,1,K,V0002,,160000,H,129423.82,129423.82,USD,2024-10-23,2/10N30,2024-11-01,CL5000000327,4500000327,10,2024.0,31,,2.0,B,43.37,3175.8,Cash discount,30,45,90,0.17,
100,1000,5000000327,2024,2,S,,,510000,S,129423.82,129423.82,USD,,,,,4500000327,10,,40,,0.0,B,334.63,37636.53,,20,60,90,0.57,
100,1000,5000000328,2024,1,K,V0008,,160000,H,4661.76,4661.76,USD,2024-07-11,N030,2024-08-11,CL5000000328,4500000328,10,2024.0,31,,0.0,,92.39,33406.68,Invoice clearing,20,30,90,1.86,
100,1000,5000000328,2024,2,S,,,510000,S,4661.76,4661.76,USD,,,,,4500000328,10,,40,,0.0,,70.31,4376.79,Invoice clearing,20,60,0,1.62,
100,1000,5000000329,2024,1,K,V0002,,160000,H,57779.6,57779.6,USD,2024-09-07,N060,2024-09-18,,4500000329,10,2024.0,31,,0.0,U,161.8,17255.19,Invoice clearing,14,0,0,0.02,
100,1000,5000000329,2024,2,S,,,510000,S,57779.6,57779.6,USD,,,,,4500000329,10,,40,,0.0,,124.02,27118.31,,10,60,90,1.9,A
100,1000,5000000330,2024,1,K,V0008,,160000,H,81467.1,81467.1,USD,2024-08-10,N014,2024-09-05,CL5000000330,4500000330,10,2024.0,31,,0.0,T,130.39,48538.21,Payment received,0,0,60,1.35,
100,1000,5000000330,2024,2,S,,,510000,S,81467.1,81467.1,USD,,,,,4500000330,10,,40,,0.0,,117.76,29527.35,Payment received,20,30,60,1.86,
100,1000,5000000330,2024,1,K,V0008,,160000,H,52896.48,52896.48,USD,2024-07-31,N014,2024-09-06,CL5000000330,4500000330,20,2024.0,31,,0.0,B,376.88,27724.74,,0,30,60,0.27,
100,1000,5000000330,2024,2,S,,,510000,S,52896.48,52896.48,USD,,,,,4500000330,20,,40,,0.0,,477.02,42055.78,Invoice clearing,20,45,60,1.0,
100,1000,5000000331,2024,1,K,V0004,,160000,H,21159.08,21159.08,USD,2024-06-02,N030,2024-06-24,CL5000000331,4500000331,10,2024.0,31,,0.0,,150.97,40938.42,Invoice clearing,10,0,60,1.37,
100,1000,5000000331,2024,2,S,,,510000,S,21159.08,21159.08,USD,,,,,4500000331,10,,40,,0.0,,361.44,20989.74,Outstanding,30,45,60,1.35,B
100,1000,5000000332,2024,1,K,V0007,,160000,H,152475.9,152475.9,USD,2024-08-25,N060,,CL5000000332,4500000332,10,,31,,0.0,,5.72,26822.17,Cash discount,0,30,90,1.06,
100,1000,5000000332,2024,2,S,,,510000,S,152475.9,152475.9,USD,,,,,4500000332,10,,40,,0.0,U,326.84,43358.01,Invoice clearing,14,0,0,0.25,
100,1000,5000000332,2024,1,K,V0007,,160000,H,5953.2,5953.2,USD,2024-08-15,N060,2024-09-04,CL5000000332,4500000332,20,2024.0,31,,0.0,B,346.38,23793.74,,0,45,90,0.03,
100,1000,5000000332,2024,2,S,,,510000,S,5953.2,5953.2,USD,,,,,4500000332,20,,40,,0.0,,31.06,44094.53,Outstanding,10,60,0,0.38,
100,1000,5000000333,2024,1,K,V0004,,160000,H,47152.31,47152.31,USD,2024-08-02,N060,2024-09-04,CL5000000333,4500000333,10,2024.0,31,,0.0,,59.11,23865.49,Bank transfer,20,60,0,1.66,
100,1000,5000000333,2024,2,S,,,510000,S,47152.31,47152.31,USD,,,,,4500000333,10,,40,,0.0,,153.4,4039.86,Bank transfer,0,30,90,0.01,
100,1000,5000000334,2024,1,K,V0014,,160000,H,27001.29,27001.29,USD,2024-08-11,2/10N30,2024-09-06,CL5000000334,4500000334,10,2024.0,31,,2.0,U,202.71,45148.58,Outstanding,10,30,90,0.85,
100,1000,5000000334,2024,2,S,,,510000,S,27001.29,27001.29,USD,,,,,4500000334,10,,40,,0.0,,251.26,35743.85,,20,45,0,1.07,
100,1000,5000000334,2024,1,K,V0014,,160000,H,630.42,630.42,USD,2024-08-14,2/10N30,2024-09-13,CL5000000334,4500000334,20,2024.0,31,,2.0,,447.56,25154.86,Cash discount,30,45,0,0.69,
100,1000,5000000334,2024,2,S,,,510000,S,630.42,630.42,USD,,,,,4500000334,20,,40,,0.0,T,351.78,45032.71,Cash discount,10,45,60,1.99,
100,1000,5000000335,2024,1,K,V0002,,160000,H,146768.76,146768.76,USD,2024-05-27,2/10N30,2024-07-18,,4500000335,10,2024.0,31,,2.0,,155.49,40042.47,Cash discount,14,0,60,1.32,B
100,1000,5000000335,2024,2,S,,,510000,S,146768.76,146768.76,USD,,,,,4500000335,10,,40,,0.0,T,58.71,33908.99,Payment received,0,60,90,1.84,A
100,1000,5000000336,2024,1,K,V0011,,160000,H,38434.09,38434.09,USD,2024-10-07,N060,2024-11-14,CL5000000336,4500000336,10,2024.0,31,,0.0,C,458.07,31051.63,Payment received,10,0,90,2.0,
100,1000,5000000336,2024,2,S,,,510000,S,38434.09,38434.09,USD,,,,,4500000336,10,,40,,0.0,,147.52,6102.07,Credit memo,20,0,0,1.89,
100,1000,5000000337,2024,1,K,V0012,,160000,H,160915.45,160915.45,USD,2024-08-09,2/10N30,,CL5000000337,4500000337,10,,31,,2.0,,307.31,37883.72,Credit memo,20,45,90,1.37,
100,1000,5000000337,2024,2,S,,,510000,S,160915.45,160915.45,USD,,,,,4500000337,10,,40,,0.0,B,109.56,8726.66,,14,60,90,0.08,B
100,1000,5000000337,2024,1,K,V0012,,160000,H,186.2,186.2,USD,2024-08-14,2/10N30,2024-10-04,CL5000000337,4500000337,20,2024.0,31,,2.0,C,66.78,49219.96,,0,45,90,0.9,A
100,1000,5000000337,2024,2,S,,,510000,S,186.2,186.2,USD,,,,,4500000337,20,,40,,0.0,,76.59,48611.03,Outstanding,20,60,60,0.34,
100,1000,5000000338,2024,1,K,V0004,,160000,H,153250.5,153250.5,USD,2024-06-01,N030,2024-06-24,CL5000000338,4500000338,10,2024.0,31,,0.0,T,373.87,40442.19,,20,60,0,1.86,
100,1000,5000000338,2024,2,S,,,510000,S,153250.5,153250.5,USD,,,,,4500000338,10,,40,,0.0,U,302.87,6396.68,Cash discount,20,45,0,1.53,
100,1000,5000000339,2024,1,K,V0010,,160000,H,145709.35,145709.35,USD,2024-03-10,N030,2024-04-14,CL5000000339,4500000339,10,2024.0,31,,0.0,T,207.92,21226.41,Cash discount,10,30,0,1.81,
100,1000,5000000339,2024,2,S,,,510000,S,145709.35,145709.35,USD,,,,,4500000339,10,,40,,0.0,,274.62,49415.17,,10,0,0,0.35,B
100,1000,5000000340,2024,1,K,V0006,,160000,H,13799.51,13799.51,USD,2024-03-21,2/10N30,2024-04-18,CL5000000340,4500000340,10,2024.0,31,,2.0,,235.41,21826.12,,0,60,60,0.73,A
100,1000,5000000340,2024,2,S,,,510000,S,13799.51,13799.51,USD,,,,,4500000340,10,,40,,0.0,,268.76,49863.73,Outstanding,14,45,60,0.27,A
100,1000,5000000341,2024,1,K,V0007,,160000,H,126952.49,126952.49,USD,2024-08-07,N014,2024-09-11,CL5000000341,4500000341,10,2024.0,31,,0.0,,332.05,31398.59,Credit memo,0,0,60,0.71,
100,1000,5000000341,2024,2,S,,,510000,S,126952.49,126952.49,USD,,,,,4500000341,10,,40,,0.0,T,109.21,41722.0,,14,0,0,0.1,B
100,1000,5000000342,2024,1,K,V0003,,160000,H,208243.42,208243.42,USD,2024-10-30,N030,2024-11-17,CL5000000342,4500000342,10,2024.0,31,,0.0,U,123.73,12968.53,Bank transfer,30,45,0,0.99,B
100,1000,5000000342,2024,2,S,,,510000,S,208243.42,208243.42,USD,,,,,4500000342,10,,40,,0.0,C,377.37,45549.14,Invoice clearing,20,30,60,0.34,
100,1000,5000000342,2024,1,K,V0003,,160000,H,10332.66,10332.66,USD,2024-10-23,N030,2024-11-11,CL5000000342,4500000342,20,2024.0,31,,0.0,,436.57,45717.28,,14,30,90,1.94,B
100,1000,5000000342,2024,2,S,,,510000,S,10332.66,10332.66,USD,,,,,4500000342,20,,40,,0.0,B,40.94,3443.9,Outstanding,20,45,90,0.68,A
100,1000,5000000343,2024,1,K,V0011,,160000,H,117471.38,117471.38,USD,2024-09-05,2/10N30,2024-09-26,,4500000343,10,2024.0,31,,2.0,T,223.37,19466.15,Credit memo,14,30,60,1.36,A
100,1000,5000000343,2024,2,S,,,510000,S,117471.38,117471.38,USD,,,,,4500000343,10,,40,,0.0,T,351.88,19928.01,,30,0,60,1.66,
100,1000,5000000343,2024,1,K,V0011,,160000,H,55950.99,55950.99,USD,2024-09-03,2/10N30,2024-10-02,CL5000000343,4500000343,20,2024.0,31,,2.0,B,39.05,16373.73,Outstanding,14,45,0,1.7,
100,1000,5000000343,2024,2,S,,,510000,S,55950.99,55950.99,USD,,,,,4500000343,20,,40,,0.0,,282.08,13882.42,Cash discount,0,60,60,1.72,A
100,1000,5000000344,2024,1,K,V0007,,160000,H,64581.8,64581.8,USD,2024-06-10,N060,2024-08-01,CL5000000344,4500000344,10,2024.0,31,,0.0,T,30.88,22962.04,Outstanding,10,45,60,0.58,
100,1000,5000000344,2024,2,S,,,510000,S,64581.8,64581.8,USD,,,,,4500000344,10,,40,,0.0,B,273.82,43685.97,Payment received,20,30,90,0.97,
100,1000,5000000344,2024,1,K,V0007,,160000,H,11564.33,11564.33,USD,2024-06-21,N060,,CL5000000344,4500000344,20,,31,,0.0,B,252.74,39348.88,Payment received,10,0,60,0.53,
100,1000,5000000344,2024,2,S,,,510000,S,11564.33,11564.33,USD,,,,,4500000344,20,,40,,0.0,B,286.35,31190.59,Cash discount,14,0,0,0.0,
100,1000,5000000345,2024,1,K,V0012,,160000,H,163850.76,163850.76,USD,2024-11-06,N030,2024-12-03,CL5000000345,4500000345,10,2024.0,31,,0.0,U,74.93,26175.84,Credit memo,0,60,90,1.26,
100,1000,5000000345,2024,2,S,,,510000,S,163850.76,163850.76,USD,,,,,4500000345,10,,40,,0.0,C,164.06,21037.73,Outstanding,14,45,0,0.79,
100,1000,5000000346,2024,1,K,V0012,,160000,H,74412.0,74412.0,USD,2024-04-13,2/10N30,2024-04-27,CL5000000346,4500000346,10,2024.0,31,,2.0,C,260.17,20780.68,,30,30,0,1.85,B
100,1000,5000000346,2024,2,S,,,510000,S,74412.0,74412.0,USD,,,,,4500000346,10,,40,,0.0,,58.12,7495.17,Payment received,30,60,90,1.86,
100,1000,5000000347,2024,1,K,V0001,,160000,H,195694.06,195694.06,USD,2024-05-10,N030,2024-06-21,CL5000000347,4500000347,10,2024.0,31,,0.0,U,102.7,29437.91,,30,45,0,1.92,
100,1000,5000000347,2024,2,S,,,510000,S,195694.06,195694.06,USD,,,,,4500000347,10,,40,,0.0,,291.57,37943.03,,14,30,0,1.03,
100,1000,5000000348,2024,1,K,V0001,,160000,H,152233.8,152233.8,USD,2024-06-05,2/10N30,,CL5000000348,4500000348,10,,31,,2.0,,45.47,46988.53,Outstanding,30,30,90,1.79,
100,1000,5000000348,2024,2,S,,,510000,S,152233.8,152233.8,USD,,,,,4500000348,10,,40,,0.0,,255.19,46253.92,Payment received,14,0,0,1.87,A
100,1000,5000000349,2024,1,K,V0010,,160000,H,63978.42,63978.42,USD,2024-07-08,N030,2024-09-03,CL5000000349,4500000349,10,2024.0,31,,0.0,C,404.35,28177.92,,14,0,0,1.78,
100,1000,5000000349,2024,2,S,,,510000,S,63978.42,63978.42,USD,,,,,4500000349,10,,40,,0.0,C,226.72,5139.42,Outstanding,0,0,90,1.7,
100,1000,5000000350,2024,1,K,V0014,,160000,H,27617.38,27617.38,USD,2024-06-03,N030,2024-07-13,,4500000350,10,2024.0,31,,0.0,C,256.62,14376.03,Bank transfer,20,30,0,0.11,
100,1000,5000000350,2024,2,S,,,510000,S,27617.38,27617.38,USD,,,,,4500000350,10,,40,,0.0,T,228.4,26828.11,Payment received,10,45,90,0.01,
100,1000,5000000351,2024,1,K,V0009,,160000,H,125387.22,125387.22,USD,2024-02-24,N060,2024-04-07,CL5000000351,4500000351,10,2024.0,31,,0.0,,28.87,17259.07,Credit memo,20,45,90,0.92,A
100,1000,5000000351,2024,2,S,,,510000,S,125387.22,125387.22,USD,,,,,4500000351,10,,40,,0.0,,231.19,20603.41,Bank transfer,10,45,90,0.6,A
100,1000,5000000352,2024,1,K,V0014,,160000,H,14628.6,14628.6,USD,2024-09-12,N060,2024-10-03,,4500000352,10,2024.0,31,,0.0,U,403.46,19213.87,,10,60,60,0.21,
100,1000,5000000352,2024,2,S,,,510000,S,14628.6,14628.6,USD,,,,,4500000352,10,,40,,0.0,,361.64,24330.68,,14,60,60,0.7,A
100,1000,5000000353,2024,1,K,V0011,,160000,H,126245.04,126245.04,USD,2024-09-17,N060,2024-10-09,CL5000000353,4500000353,10,2024.0,31,,0.0,,197.97,30487.21,,30,0,90,1.44,
100,1000,5000000353,2024,2,S,,,510000,S,126245.04,126245.04,USD,,,,,4500000353,10,,40,,0.0,C,408.23,1969.54,Bank transfer,30,0,60,0.8,
100,1000,5000000353,2024,1,K,V0011,,160000,H,4674.06,4674.06,USD,2024-09-25,N060,,CL5000000353,4500000353,20,,31,,0.0,U,372.9,13843.17,Cash discount,30,45,90,0.02,
100,1000,5000000353,2024,2,S,,,510000,S,4674.06,4674.06,USD,,,,,4500000353,20,,40,,0.0,,289.16,7278.25,,20,0,60,0.86,B
100,1000,5000000354,2024,1,K,V0002,,160000,H,153219.65,153219.65,USD,2024-11-10,N014,2024-12-07,,4500000354,10,2024.0,31,,0.0,C,22.64,30471.9,,30,45,60,0.4,B
100,1000,5000000354,2024,2,S,,,510000,S,153219.65,153219.65,USD,,,,,4500000354,10,,40,,0.0,C,172.26,34713.7,Bank transfer,0,45,0,1.06,B
100,1000,5000000355,2024,1,K,V0003,,160000,H,109749.64,109749.64,USD,2024-09-06,N014,2024-10-08,CL5000000355,4500000355,10,2024.0,31,,0.0,U,31.88,2035.25,Outstanding,14,60,60,1.8,
100,1000,5000000355,2024,2,S,,,510000,S,109749.64,109749.64,USD,,,,,4500000355,10,,40,,0.0,,497.06,44489.75,Invoice clearing,30,45,0,0.82,
100,1000,5000000356,2024,1,K,V0007,,160000,H,14222.26,14222.26,USD,2024-06-08,N030,2024-07-15,CL5000000356,4500000356,10,2024.0,31,,0.0,B,467.29,16641.55,,30,0,60,1.83,A
100,1000,5000000356,2024,2,S,,,510000,S,14222.26,14222.26,USD,,,,,4500000356,10,,40,,0.0,U,34.51,11955.21,Bank transfer,30,45,90,0.01,
100,1000,5000000357,2024,1,K,V0012,,160000,H,21293.4,21293.4,USD,2024-10-27,N014,2024-11-04,CL5000000357,4500000357,10,2024.0,31,,0.0,B,466.89,37312.92,Outstanding,20,0,0,1.54,B
100,1000,5000000357,2024,2,S,,,510000,S,21293.4,21293.4,USD,,,,,4500000357,10,,40,,0.0,,15.87,46049.67,Outstanding,14,45,60,0.5,
100,1000,5000000358,2024,1,K,V0006,,160000,H,42365.82,42365.82,USD,2024-07-15,N030,,CL5000000358,4500000358,10,,31,,0.0,T,204.43,44861.86,Outstanding,0,30,60,0.94,
100,1000,5000000358,2024,2,S,,,510000,S,42365.82,42365.82,USD,,,,,4500000358,10,,40,,0.0,,384.49,1109.62,,30,60,90,0.75,
100,1000,5000000359,2024,1,K,V0002,,160000,H,28810.82,28810.82,USD,2024-09-20,N060,2024-11-13,CL5000000359,4500000359,10,2024.0,31,,0.0,U,382.91,40887.56,Bank transfer,10,60,0,0.73,
100,1000,5000000359,2024,2,S,,,510000,S,28810.82,28810.82,USD,,,,,4500000359,10,,40,,0.0,B,489.17,15222.44,Invoice clearing,20,45,90,1.78,A
100,1000,5000000360,2024,1,K,V0007,,160000,H,4831.6,4831.6,USD,2024-09-29,N030,2024-10-30,CL5000000360,4500000360,10,2024.0,31,,0.0,,322.94,14089.3,Cash discount,30,0,0,1.07,A
100,1000,5000000360,2024,2,S,,,510000,S,4831.6,4831.6,USD,,,,,4500000360,10,,40,,0.0,,210.18,24631.8,Cash discount,30,45,90,0.54,B
100,1000,5000000361,2024,1,K,V0008,,160000,H,27218.16,27218.16,USD,2024-11-25,2/10N30,2024-12-09,CL5000000361,4500000361,10,2024.0,31,,2.0,C,496.43,34839.52,Outstanding,20,60,60,1.98,B
100,1000,5000000361,2024,2,S,,,510000,S,27218.16,27218.16,USD,,,,,4500000361,10,,40,,0.0,T,191.24,5001.05,Invoice clearing,0,0,90,1.31,
100,1000,5000000362,2024,1,K,V0011,,160000,H,11009.5,11009.5,USD,2024-10-22,N030,2024-11-08,CL5000000362,4500000362,10,2024.0,31,,0.0,U,434.81,43458.11,,10,30,60,0.88,A
100,1000,5000000362,2024,2,S,,,510000,S,11009.5,11009.5,USD,,,,,4500000362,10,,40,,0.0,B,453.38,6805.84,,10,30,60,0.28,
100,1000,5000000362,2024,1,K,V0011,,160000,H,36504.51,36504.51,USD,2024-10-18,N030,,CL5000000362,4500000362,20,,31,,0.0,,187.82,48713.55,Outstanding,0,0,90,1.49,
100,1000,5000000362,2024,2,S,,,510000,S,36504.51,36504.51,USD,,,,,4500000362,20,,40,,0.0,B,341.37,22211.22,,20,45,60,0.01,
100,1000,5000000363,2024,1,K,V0007,,160000,H,173061.78,173061.78,USD,2024-09-09,N030,2024-10-03,CL5000000363,4500000363,10,2024.0,31,,0.0,,330.9,41308.58,Bank transfer,30,60,60,1.77,A
100,1000,5000000363,2024,2,S,,,510000,S,173061.78,173061.78,USD,,,,,4500000363,10,,40,,0.0,U,269.65,13544.06,Credit memo,0,0,90,1.42,
100,1000,5000000364,2024,1,K,V0007,,160000,H,25168.08,25168.08,USD,2024-03-15,N060,,CL5000000364,4500000364,10,,31,,0.0,,326.77,20896.96,Payment received,20,45,60,0.22,
100,1000,5000000364,2024,2,S,,,510000,S,25168.08,25168.08,USD,,,,,4500000364,10,,40,,0.0,B,173.88,32313.19,Cash discount,20,0,0,0.57,B
100,1000,5000000365,2024,1,K,V0013,,160000,H,37150.68,37150.68,USD,2024-11-16,N014,2024-12-03,,4500000365,10,2024.0,31,,0.0,U,89.24,9477.99,Payment received,20,0,60,0.27,
100,1000,5000000365,2024,2,S,,,510000,S,37150.68,37150.68,USD,,,,,4500000365,10,,40,,0.0,,268.63,10648.39,Payment received,20,60,60,0.84,
100,1000,5000000365,2024,1,K,V0013,,160000,H,16075.08,16075.08,USD,2024-11-30,N014,2024-12-13,CL5000000365,4500000365,20,2024.0,31,,0.0,B,264.42,41216.07,Cash discount,10,30,90,0.66,A
100,1000,5000000365,2024,2,S,,,510000,S,16075.08,16075.08,USD,,,,,4500000365,20,,40,,0.0,C,363.93,37073.15,Invoice clearing,20,30,90,0.06,
100,1000,5000000366,2024,1,K,V0013,,160000,H,127278.9,127278.9,USD,2024-04-28,2/10N30,2024-05-05,CL5000000366,4500000366,10,2024.0,31,,2.0,U,111.35,37998.72,Outstanding,0,30,60,1.33,
100,1000,5000000366,2024,2,S,,,510000,S,127278.9,127278.9,USD,,,,,4500000366,10,,40,,0.0,,1.74,43372.73,Outstanding,30,30,0,1.9,
100,1000,5000000367,2024,1,K,V0007,,160000,H,57548.92,57548.92,USD,2024-11-02,N030,2024-12-27,CL5000000367,4500000367,10,2024.0,31,,0.0,U,11.37,41068.77,Cash discount,30,60,0,1.92,
100,1000,5000000367,2024,2,S,,,510000,S,57548.92,57548.92,USD,,,,,4500000367,10,,40,,0.0,T,149.18,25811.96,,14,45,90,1.97,A
100,1000,5000000368,2024,1,K,V0014,,160000,H,41463.0,41463.0,USD,2024-04-05,N014,,CL5000000368,4500000368,10,,31,,0.0,C,336.75,8032.72,Payment received,0,0,60,0.24,
100,1000,5000000368,2024,2,S,,,510000,S,41463.0,41463.0,USD,,,,,4500000368,10,,40,,0.0,U,272.22,15625.04,Bank transfer,14,60,60,0.98,
100,1000,5000000369,2024,1,K,V0015,,160000,H,202831.1,202831.1,USD,2024-07-15,N060,2024-08-30,CL5000000369,4500000369,10,2024.0,31,,0.0,,265.97,25389.08,Invoice clearing,0,30,60,0.99,
100,1000,5000000369,2024,2,S,,,510000,S,202831.1,202831.1,USD,,,,,4500000369,10,,40,,0.0,B,411.68,6868.93,Cash discount,20,30,60,1.36,A
100,1000,5000000370,2024,1,K,V0011,,160000,H,59480.3,59480.3,USD,2024-09-04,N060,2024-09-19,CL5000000370,4500000370,10,2024.0,31,,0.0,,123.76,42579.64,Payment received,14,60,90,0.25,B
100,1000,5000000370,2024,2,S,,,510000,S,59480.3,59480.3,USD,,,,,4500000370,10,,40,,0.0,B,173.08,43978.7,,20,0,60,1.5,A
100,1000,5000000370,2024,1,K,V0011,,160000,H,723.9,723.9,USD,2024-09-07,N060,2024-10-28,CL5000000370,4500000370,20,2024.0,31,,0.0,,137.82,1544.51,Bank transfer,0,60,60,1.56,
100,1000,5000000370,2024,2,S,,,510000,S,723.9,723.9,USD,,,,,4500000370,20,,40,,0.0,B,468.71,9718.9,Credit memo,10,0,90,0.8,
100,1000,5000000371,2024,1,K,V0004,,160000,H,38962.98,38962.98,USD,2024-04-24,N030,2024-05-14,CL5000000371,4500000371,10,2024.0,31,,0.0,T,362.51,41663.2,,10,60,0,1.45,
100,1000,5000000371,2024,2,S,,,510000,S,38962.98,38962.98,USD,,,,,4500000371,10,,40,,0.0,,56.42,41865.14,Outstanding,10,45,60,1.48,B
100,1000,5000000372,2024,1,K,V0001,,160000,H,1319.01,1319.01,USD,2024-11-18,N014,2025-01-05,CL5000000372,4500000372,10,2025.0,31,,0.0,,404.74,12549.56,,10,30,90,1.65,
100,1000,5000000372,2024,2,S,,,510000,S,1319.01,1319.01,USD,,,,,4500000372,10,,40,,0.0,U,209.62,22876.79,Credit memo,30,45,0,0.26,
100,1000,5000000372,2024,1,K,V0001,,160000,H,9569.5,9569.5,USD,2024-11-19,N014,2024-11-29,CL5000000372,4500000372,20,2024.0,31,,0.0,B,383.03,45909.75,,10,60,60,1.92,A
100,1000,5000000372,2024,2,S,,,510000,S,9569.5,9569.5,USD,,,,,4500000372,20,,40,,0.0,T,441.88,35261.23,Payment received,0,45,60,1.59,
100,1000,5000000373,2024,1,K,V0010,,160000,H,36412.09,36412.09,USD,2024-07-21,N060,2024-08-15,CL5000000373,4500000373,10,2024.0,31,,0.0,,7.82,13771.48,Credit memo,10,0,60,0.25,
100,1000,5000000373,2024,2,S,,,510000,S,36412.09,36412.09,USD,,,,,4500000373,10,,40,,0.0,,103.04,41192.96,Invoice clearing,30,60,60,0.69,A
100,1000,5000000373,2024,1,K,V0010,,160000,H,63903.45,63903.45,USD,2024-08-03,N060,2024-08-13,CL5000000373,4500000373,20,2024.0,31,,0.0,,50.45,25305.81,Cash discount,20,0,60,0.03,B
100,1000,5000000373,2024,2,S,,,510000,S,63903.45,63903.45,USD,,,,,4500000373,20,,40,,0.0,,16.79,31806.95,Payment received,14,45,90,1.37,A
100,1000,5000000374,2024,1,K,V0006,,160000,H,55277.64,55277.64,USD,2024-08-22,2/10N30,2024-10-10,,4500000374,10,2024.0,31,,2.0,,298.89,6281.26,Outstanding,20,30,60,0.1,B
100,1000,5000000374,2024,2,S,,,510000,S,55277.64,55277.64,USD,,,,,4500000374,10,,40,,0.0,T,351.64,1625.1,,20,60,60,1.66,
100,1000,5000000375,2024,1,K,V0001,,160000,H,166796.04,166796.04,USD,2024-04-07,N060,,,4500000375,10,,31,,0.0,,24.34,18686.09,Invoice clearing,14,0,0,0.86,
100,1000,5000000375,2024,2,S,,,510000,S,166796.04,166796.04,USD,,,,,4500000375,10,,40,,0.0,,370.27,29742.78,,10,45,60,1.19,A
100,1000,5000000376,2024,1,K,V0012,,160000,H,18289.38,18289.38,USD,2024-09-14,N030,,CL5000000376,4500000376,10,,31,,0.0,U,201.13,8961.43,Cash discount,10,60,90,0.02,
100,1000,5000000376,2024,2,S,,,510000,S,18289.38,18289.38,USD,,,,,4500000376,10,,40,,0.0,,117.17,43536.99,Bank transfer,0,30,0,0.96,
100,1000,5000000377,2024,1,K,V0013,,160000,H,74323.44,74323.44,USD,2024-08-07,N060,2024-09-19,,4500000377,10,2024.0,31,,0.0,B,108.63,29385.32,Outstanding,10,60,60,0.56,
100,1000,5000000377,2024,2,S,,,510000,S,74323.44,74323.44,USD,,,,,4500000377,10,,40,,0.0,,431.87,17553.02,,10,30,90,0.17,
100,1000,5000000378,2024,1,K,V0011,,160000,H,18928.94,18928.94,USD,2024-12-01,N014,2024-12-31,CL5000000378,4500000378,10,2024.0,31,,0.0,,28.22,8259.33,Payment received,0,45,60,0.86,A
100,1000,5000000378,2024,2,S,,,510000,S,18928.94,18928.94,USD,,,,,4500000378,10,,40,,0.0,C,251.95,44735.15,Invoice clearing,14,0,90,1.24,A
100,1000,5000000379,2024,1,K,V0002,,160000,H,132051.44,132051.44,USD,2024-08-22,N014,,CL5000000379,4500000379,10,,31,,0.0,,144.63,37473.16,Bank transfer,0,60,90,1.46,
100,1000,5000000379,2024,2,S,,,510000,S,132051.44,132051.44,USD,,,,,4500000379,10,,40,,0.0,,407.89,34473.64,,10,60,60,0.37,
100,1000,5000000380,2024,1,K,V0002,,160000,H,69375.52,69375.52,USD,2024-05-20,N014,2024-05-25,CL5000000380,4500000380,10,2024.0,31,,0.0,B,365.76,14324.96,,10,0,90,0.56,
100,1000,5000000380,2024,2,S,,,510000,S,69375.52,69375.52,USD,,,,,4500000380,10,,40,,0.0,C,159.45,19389.63,Bank transfer,10,60,90,0.23,A
100,1000,5000000381,2024,1,K,V0006,,160000,H,73807.83,73807.83,USD,2024-04-12,N060,,CL5000000381,4500000381,10,,31,,0.0,,298.96,8229.08,Payment received,0,60,0,0.53,
100,1000,5000000381,2024,2,S,,,510000,S,73807.83,73807.83,USD,,,,,4500000381,10,,40,,0.0,C,336.27,28655.68,Bank transfer,14,60,60,1.4,B
100,1000,5000000382,2024,1,K,V0012,,160000,H,178410.44,178410.44,USD,2024-04-20,N014,,CL5000000382,4500000382,10,,31,,0.0,,160.33,48249.39,,30,60,0,1.33,
100,1000,5000000382,2024,2,S,,,510000,S,178410.44,178410.44,USD,,,,,4500000382,10,,40,,0.0,B,150.88,42869.85,Invoice clearing,0,0,0,0.86,B
100,1000,5000000383,2024,1,K,V0008,,160000,H,5281.2,5281.2,USD,2024-07-24,N060,,CL5000000383,4500000383,10,,31,,0.0,,71.63,32404.26,Bank transfer,14,45,90,0.95,B
100,1000,5000000383,2024,2,S,,,510000,S,5281.2,5281.2,USD,,,,,4500000383,10,,40,,0.0,,330.11,33916.99,,10,60,0,1.57,A
100,1000,5000000384,2024,1,K,V0014,,160000,H,66446.04,66446.04,USD,2024-11-25,2/10N30,2024-12-09,CL5000000384,4500000384,10,2024.0,31,,2.0,,110.52,13527.27,,14,0,60,0.21,B
100,1000,5000000384,2024,2,S,,,510000,S,66446.04,66446.04,USD,,,,,4500000384,10,,40,,0.0,,150.25,20534.41,Outstanding,20,45,60,1.46,A
100,1000,5000000385,2024,1,K,V0008,,160000,H,169577.64,169577.64,USD,2024-09-30,2/10N30,2024-10-26,CL5000000385,4500000385,10,2024.0,31,,2.0,,30.48,1100.61,Credit memo,20,0,60,1.22,
100,1000,5000000385,2024,2,S,,,510000,S,169577.64,169577.64,USD,,,,,4500000385,10,,40,,0.0,,474.26,39037.15,Cash discount,30,30,60,0.38,
100,1000,5000000386,2024,1,K,V0008,,160000,H,103578.65,103578.65,USD,2024-03-17,N014,,,4500000386,10,,31,,0.0,,439.86,38401.88,Payment received,10,45,60,1.71,
100,1000,5000000386,2024,2,S,,,510000,S,103578.65,103578.65,USD,,,,,4500000386,10,,40,,0.0,C,455.79,544.01,Invoice clearing,30,45,60,1.26,
100,1000,5000000386,2024,1,K,V0008,,160000,H,8314.32,8314.32,USD,2024-03-12,N014,2024-03-22,CL5000000386,4500000386,20,2024.0,31,,0.0,,313.0,45584.62,Outstanding,20,30,0,0.3,
100,1000,5000000386,2024,2,S,,,510000,S,8314.32,8314.32,USD,,,,,4500000386,20,,40,,0.0,T,213.6,32403.84,,30,45,90,0.24,
100,1000,5000000387,2024,1,K,V0008,,160000,H,2988.87,2988.87,USD,2024-10-23,N060,2024-10-28,CL5000000387,4500000387,10,2024.0,31,,0.0,,247.81,30096.98,Outstanding,20,45,0,0.8,
100,1000,5000000387,2024,2,S,,,510000,S,2988.87,2988.87,USD,,,,,4500000387,10,,40,,0.0,,486.15,522.34,Bank transfer,20,30,90,0.55,
100,1000,5000000388,2024,1,K,V0006,,160000,H,94768.2,94768.2,USD,2024-03-14,N014,2024-04-01,CL5000000388,4500000388,10,2024.0,31,,0.0,T,470.79,12694.28,Credit memo,14,0,90,0.38,B
100,1000,5000000388,2024,2,S,,,510000,S,94768.2,94768.2,USD,,,,,4500000388,10,,40,,0.0,B,335.67,40273.77,Payment received,10,60,0,0.29,
100,1000,5000000389,2024,1,K,V0001,,160000,H,127380.15,127380.15,USD,2024-11-01,N014,2024-11-13,CL5000000389,4500000389,10,2024.0,31,,0.0,,392.9,15342.44,Bank transfer,20,45,90,0.04,
100,1000,5000000389,2024,2,S,,,510000,S,127380.15,127380.15,USD,,,,,4500000389,10,,40,,0.0,U,159.37,48354.52,Invoice clearing,10,0,0,0.4,
100,1000,5000000390,2024,1,K,V0003,,160000,H,213323.6,213323.6,USD,2024-10-15,N014,2024-10-26,CL5000000390,4500000390,10,2024.0,31,,0.0,T,208.16,32172.74,Bank transfer,30,0,60,1.73,B
100,1000,5000000390,2024,2,S,,,510000,S,213323.6,213323.6,USD,,,,,4500000390,10,,40,,0.0,,74.61,21247.96,,30,30,60,0.76,
100,1000,5000000391,2024,1,K,V0013,,160000,H,20846.54,20846.54,USD,2024-07-04,2/10N30,2024-08-01,CL5000000391,4500000391,10,2024.0,31,,2.0,B,188.23,18886.13,Credit memo,20,0,0,1.05,
100,1000,5000000391,2024,2,S,,,510000,S,20846.54,20846.54,USD,,,,,4500000391,10,,40,,0.0,,377.21,17500.59,Payment received,10,30,0,1.4,
100,1000,5000000392,2024,1,K,V0005,,160000,H,167526.06,167526.06,USD,2024-02-20,N030,2024-03-08,CL5000000392,4500000392,10,2024.0,31,,0.0,C,236.76,12674.74,Cash discount,20,0,60,1.96,B
100,1000,5000000392,2024,2,S,,,510000,S,167526.06,167526.06,USD,,,,,4500000392,10,,40,,0.0,T,424.67,23388.23,Outstanding,20,60,0,0.44,A
100,1000,5000000393,2024,1,K,V0003,,160000,H,44022.93,44022.93,USD,2024-08-16,N060,,,4500000393,10,,31,,0.0,B,150.37,33892.09,Invoice clearing,14,0,90,0.85,A
100,1000,5000000393,2024,2,S,,,510000,S,44022.93,44022.93,USD,,,,,4500000393,10,,40,,0.0,B,353.79,41233.11,,30,0,60,0.12,A
100,1000,5000000394,2024,1,K,V0001,,160000,H,69970.5,69970.5,USD,2024-08-19,2/10N30,2024-10-03,CL5000000394,4500000394,10,2024.0,31,,2.0,,402.89,19917.91,Bank transfer,10,0,90,0.85,
100,1000,5000000394,2024,2,S,,,510000,S,69970.5,69970.5,USD,,,,,4500000394,10,,40,,0.0,U,457.37,5205.37,Payment received,30,30,60,0.1,
100,1000,5000000395,2024,1,K,V0003,,160000,H,50372.61,50372.61,USD,2024-11-13,N030,2024-12-12,CL5000000395,4500000395,10,2024.0,31,,0.0,C,281.19,25624.53,Payment received,14,45,60,0.22,
100,1000,5000000395,2024,2,S,,,510000,S,50372.61,50372.61,USD,,,,,4500000395,10,,40,,0.0,C,483.89,33151.54,,0,30,0,0.73,A
100,1000,5000000396,2024,1,K,V0005,,160000,H,3787.84,3787.84,USD,2024-08-18,N030,,CL5000000396,4500000396,10,,31,,0.0,C,278.64,42179.87,Cash discount,30,60,90,1.89,
100,1000,5000000396,2024,2,S,,,510000,S,3787.84,3787.84,USD,,,,,4500000396,10,,40,,0.0,,67.05,18774.07,Credit memo,14,30,60,1.42,
100,1000,5000000397,2024,1,K,V0004,,160000,H,50721.63,50721.63,USD,2024-07-16,N060,2024-08-06,CL5000000397,4500000397,10,2024.0,31,,0.0,,121.43,32402.37,Invoice clearing,30,45,0,0.49,
100,1000,5000000397,2024,2,S,,,510000,S,50721.63,50721.63,USD,,,,,4500000397,10,,40,,0.0,B,101.67,30491.6,Bank transfer,10,60,0,1.79,
100,1000,5000000398,2024,1,K,V0007,,160000,H,96410.09,96410.09,USD,2024-06-24,N014,2024-08-04,CL5000000398,4500000398,10,2024.0,31,,0.0,,323.35,14993.95,Cash discount,14,45,90,0.36,
100,1000,5000000398,2024,2,S,,,510000,S,96410.09,96410.09,USD,,,,,4500000398,10,,40,,0.0,,461.11,5494.42,,0,45,60,0.0,B
100,1000,5000000399,2024,1,K,V0014,,160000,H,73745.42,73745.42,USD,2024-04-22,2/10N30,2024-05-04,,4500000399,10,2024.0,31,,2.0,B,423.57,3285.47,Invoice clearing,30,60,0,1.32,
100,1000,5000000399,2024,2,S,,,510000,S,73745.42,73745.42,USD,,,,,4500000399,10,,40,,0.0,,46.23,49419.21,Credit memo,14,45,60,0.64,
100,1000,5000000400,2024,1,K,V0008,,160000,H,33329.79,33329.79,USD,2024-07-14,N030,2024-07-31,CL5000000400,4500000400,10,2024.0,31,,0.0,C,362.29,32065.68,Payment received,0,30,90,0.57,
100,1000,5000000400,2024,2,S,,,510000,S,33329.79,33329.79,USD,,,,,4500000400,10,,40,,0.0,B,95.24,43088.43,Payment received,10,45,0,0.56,
100,1000,5000000401,2024,1,K,V0007,,160000,H,43703.64,43703.64,USD,2024-08-04,N060,,,4500000401,10,,31,,0.0,,134.23,13131.23,Credit memo,30,0,0,1.21,B
100,1000,5000000401,2024,2,S,,,510000,S,43703.64,43703.64,USD,,,,,4500000401,10,,40,,0.0,U,336.84,35583.58,Cash discount,20,30,60,0.86,B
100,1000,5000000401,2024,1,K,V0007,,160000,H,10955.54,10955.54,USD,2024-08-15,N060,2024-09-20,CL5000000401,4500000401,20,2024.0,31,,0.0,,301.46,44629.45,Invoice clearing,10,45,60,0.5,A
100,1000,5000000401,2024,2,S,,,510000,S,10955.54,10955.54,USD,,,,,4500000401,20,,40,,0.0,B,436.81,15009.68,Cash discount,10,0,0,0.98,
100,1000,5000000402,2024,1,K,V0014,,160000,H,10428.4,10428.4,USD,2024-05-20,N030,2024-07-08,CL5000000402,4500000402,10,2024.0,31,,0.0,,94.08,7581.47,,10,30,90,0.67,
100,1000,5000000402,2024,2,S,,,510000,S,10428.4,10428.4,USD,,,,,4500000402,10,,40,,0.0,,380.85,38297.17,Bank transfer,10,60,0,0.22,
100,1000,5000000403,2024,1,K,V0012,,160000,H,163723.68,163723.68,USD,2024-10-07,N060,2024-11-23,CL5000000403,4500000403,10,2024.0,31,,0.0,B,362.15,44994.38,Credit memo,0,30,0,1.34,
100,1000,5000000403,2024,2,S,,,510000,S,163723.68,163723.68,USD,,,,,4500000403,10,,40,,0.0,,279.43,40290.95,Credit memo,20,60,90,1.37,
100,1000,5000000404,2024,1,K,V0004,,160000,H,150377.37,150377.37,USD,2024-07-13,N030,2024-09-08,,4500000404,10,2024.0,31,,0.0,T,239.7,40137.95,,30,30,90,1.54,
100,1000,5000000404,2024,2,S,,,510000,S,150377.37,150377.37,USD,,,,,4500000404,10,,40,,0.0,U,434.74,30041.66,Bank transfer,10,0,0,0.26,
100,1000,5000000405,2024,1,K,V0010,,160000,H,138890.51,138890.51,USD,2024-10-14,N014,2024-10-31,CL5000000405,4500000405,10,2024.0,31,,0.0,T,166.48,33060.46,Payment received,30,60,90,0.72,
100,1000,5000000405,2024,2,S,,,510000,S,138890.51,138890.51,USD,,,,,4500000405,10,,40,,0.0,C,478.51,34069.71,,14,30,60,1.62,A
100,1000,5000000406,2024,1,K,V0008,,160000,H,65641.59,65641.59,USD,2024-10-01,N060,2024-10-19,CL5000000406,4500000406,10,2024.0,31,,0.0,,7.67,36092.03,Credit memo,10,60,90,1.49,
100,1000,5000000406,2024,2,S,,,510000,S,65641.59,65641.59,USD,,,,,4500000406,10,,40,,0.0,C,468.58,32804.49,Cash discount,10,45,0,1.18,
100,1000,5000000407,2024,1,K,V0008,,160000,H,31927.28,31927.28,USD,2024-09-07,N030,,CL5000000407,4500000407,10,,31,,0.0,,481.04,49873.71,Outstanding,30,30,90,1.21,A
100,1000,5000000407,2024,2,S,,,510000,S,31927.28,31927.28,USD,,,,,4500000407,10,,40,,0.0,,58.66,13045.37,Payment received,20,30,0,0.48,A
100,1000,5000000408,2024,1,K,V0004,,160000,H,48827.22,48827.22,USD,2024-09-17,N014,2024-11-06,,4500000408,10,2024.0,31,,0.0,,499.79,20986.43,,14,0,0,0.55,
100,1000,5000000408,2024,2,S,,,510000,S,48827.22,48827.22,USD,,,,,4500000408,10,,40,,0.0,,239.46,19474.92,,20,0,90,1.17,
100,1000,5000000409,2024,1,K,V0012,,160000,H,4479.2,4479.2,USD,2024-06-29,N014,2024-07-15,CL5000000409,4500000409,10,2024.0,31,,0.0,U,121.3,1862.42,Outstanding,30,0,0,0.17,
100,1000,5000000409,2024,2,S,,,510000,S,4479.2,4479.2,USD,,,,,4500000409,10,,40,,0.0,,302.2,35432.64,,0,60,90,0.21,
100,1000,5000000409,2024,1,K,V0012,,160000,H,41323.86,41323.86,USD,2024-06-16,N014,,,4500000409,20,,31,,0.0,,102.26,28644.92,Bank transfer,10,30,90,1.26,
100,1000,5000000409,2024,2,S,,,510000,S,41323.86,41323.86,USD,,,,,4500000409,20,,40,,0.0,,457.56,9576.77,Cash discount,0,60,90,1.2,
100,1000,5000000410,2024,1,K,V0005,,160000,H,85990.38,85990.38,USD,2024-04-10,N060,2024-04-15,CL5000000410,4500000410,10,2024.0,31,,0.0,B,276.04,36354.84,Credit memo,30,30,0,0.08,
100,1000,5000000410,2024,2,S,,,510000,S,85990.38,85990.38,USD,,,,,4500000410,10,,40,,0.0,T,387.76,11195.92,Credit memo,30,0,90,1.94,B
100,1000,5000000411,2024,1,K,V0011,,160000,H,17306.92,17306.92,USD,2024-11-25,N014,2024-12-23,CL5000000411,4500000411,10,2024.0,31,,0.0,,190.33,26778.29,,30,60,0,1.77,
100,1000,5000000411,2024,2,S,,,510000,S,17306.92,17306.92,USD,,,,,4500000411,10,,40,,0.0,U,266.83,39266.36,Outstanding,30,45,0,1.63,A
100,1000,5000000412,2024,1,K,V0011,,160000,H,141480.82,141480.82,USD,2024-05-26,2/10N30,2024-06-27,CL5000000412,4500000412,10,2024.0,31,,2.0,T,179.63,45335.67,Cash discount,10,45,0,0.39,B
100,1000,5000000412,2024,2,S,,,510000,S,141480.82,141480.82,USD,,,,,4500000412,10,,40,,0.0,B,130.78,33626.24,Invoice clearing,0,30,60,0.89,
100,1000,5000000413,2024,1,K,V0002,,160000,H,53353.44,53353.44,USD,2024-05-23,N060,2024-05-30,CL5000000413,4500000413,10,2024.0,31,,0.0,,256.41,25415.01,Cash discount,14,60,60,0.2,A
100,1000,5000000413,2024,2,S,,,510000,S,53353.44,53353.44,USD,,,,,4500000413,10,,40,,0.0,T,248.64,42286.42,,10,60,60,1.88,
100,1000,5000000413,2024,1,K,V0002,,160000,H,1199.0,1199.0,USD,2024-05-14,N060,2024-05-27,CL5000000413,4500000413,20,2024.0,31,,0.0,U,49.3,42047.87,Outstanding,30,30,60,1.24,A
100,1000,5000000413,2024,2,S,,,510000,S,1199.0,1199.0,USD,,,,,4500000413,20,,40,,0.0,B,490.66,43837.09,Outstanding,30,30,90,0.6,
100,1000,5000000414,2024,1,K,V0013,,160000,H,28297.62,28297.62,USD,2024-05-13,N014,2024-06-03,CL5000000414,4500000414,10,2024.0,31,,0.0,,234.75,9138.68,Credit memo,10,0,60,0.95,
100,1000,5000000414,2024,2,S,,,510000,S,28297.62,28297.62,USD,,,,,4500000414,10,,40,,0.0,,419.87,4970.39,,0,30,90,1.52,
100,1000,5000000414,2024,1,K,V0013,,160000,H,18600.49,18600.49,USD,2024-05-06,N014,2024-06-06,,4500000414,20,2024.0,31,,0.0,,457.17,6484.41,Payment received,0,0,60,1.07,B
100,1000,5000000414,2024,2,S,,,510000,S,18600.49,18600.49,USD,,,,,4500000414,20,,40,,0.0,B,185.35,13006.73,,20,60,90,0.31,
100,1000,5000000415,2024,1,K,V0011,,160000,H,89904.5,89904.5,USD,2024-04-29,2/10N30,2024-06-02,,4500000415,10,2024.0,31,,2.0,,206.97,40436.36,Cash discount,20,45,90,0.26,
100,1000,5000000415,2024,2,S,,,510000,S,89904.5,89904.5,USD,,,,,4500000415,10,,40,,0.0,U,281.26,38169.62,Payment received,20,45,90,0.84,B
100,1000,5000000416,2024,1,K,V0002,,160000,H,79247.88,79247.88,USD,2024-11-03,N060,2024-12-29,,4500000416,10,2024.0,31,,0.0,,110.64,9235.11,Credit memo,30,0,0,1.42,B
100,1000,5000000416,2024,2,S,,,510000,S,79247.88,79247.88,USD,,,,,4500000416,10,,40,,0.0,,72.96,34017.65,Bank transfer,10,30,60,1.78,
100,1000,5000000417,2024,1,K,V0011,,160000,H,14913.2,14913.2,USD,2024-10-28,N030,2024-11-16,CL5000000417,4500000417,10,2024.0,31,,0.0,B,130.39,16848.06,Credit memo,10,30,90,1.52,
100,1000,5000000417,2024,2,S,,,510000,S,14913.2,14913.2,USD,,,,,4500000417,10,,40,,0.0,T,467.38,4556.06,Invoice clearing,20,45,90,1.69,
100,1000,5000000418,2024,1,K,V0001,,160000,H,116737.11,116737.11,USD,2024-03-07,N060,2024-03-15,CL5000000418,4500000418,10,2024.0,31,,0.0,,289.57,17828.64,,0,45,0,1.12,
100,1000,5000000418,2024,2,S,,,510000,S,116737.11,116737.11,USD,,,,,4500000418,10,,40,,0.0,C,208.79,37236.08,Bank transfer,20,0,60,0.69,
100,1000,5000000419,2024,1,K,V0004,,160000,H,1668.03,1668.03,USD,2024-04-15,2/10N30,2024-05-08,CL5000000419,4500000419,10,2024.0,31,,2.0,U,76.21,15423.56,,10,0,60,0.73,
100,1000,5000000419,2024,2,S,,,510000,S,1668.03,1668.03,USD,,,,,4500000419,10,,40,,0.0,T,164.93,39425.71,Cash discount,30,60,60,1.26,A
100,1000,5000000420,2024,1,K,V0011,,160000,H,5615.28,5615.28,USD,2024-10-05,N030,2024-11-01,CL5000000420,4500000420,10,2024.0,31,,0.0,,189.92,16632.73,Outstanding,20,45,90,0.23,A
100,1000,5000000420,2024,2,S,,,510000,S,5615.28,5615.28,USD,,,,,4500000420,10,,40,,0.0,,416.68,13101.91,Credit memo,14,30,90,0.87,
100,1000,5000000421,2024,1,K,V0003,,160000,H,8082.24,8082.24,USD,2024-11-30,N060,2024-12-29,CL5000000421,4500000421,10,2024.0,31,,0.0,B,249.65,14773.15,,14,60,0,0.97,B
100,1000,5000000421,2024,2,S,,,510000,S,8082.24,8082.24,USD,,,,,4500000421,10,,40,,0.0,,327.3,42575.57,Credit memo,0,0,90,1.05,
100,1000,5000000421,2024,1,K,V0003,,160000,H,58108.26,58108.26,USD,2024-11-22,N060,,,4500000421,20,,31,,0.0,C,342.42,23579.77,Invoice clearing,10,0,60,1.9,A
100,1000,5000000421,2024,2,S,,,510000,S,58108.26,58108.26,USD,,,,,4500000421,20,,40,,0.0,,128.66,43333.03,Invoice clearing,30,60,0,1.58,
100,1000,5000000422,2024,1,K,V0004,,160000,H,149814.0,149814.0,USD,2024-10-24,2/10N30,,CL5000000422,4500000422,10,,31,,2.0,T,410.8,29220.37,Invoice clearing,14,45,60,0.33,
100,1000,5000000422,2024,2,S,,,510000,S,149814.0,149814.0,USD,,,,,4500000422,10,,40,,0.0,,483.25,47220.62,Payment received,20,60,90,0.55,A
100,1000,5000000423,2024,1,K,V0003,,160000,H,14441.76,14441.76,USD,2024-05-17,2/10N30,2024-05-27,CL5000000423,4500000423,10,2024.0,31,,2.0,,320.85,3653.67,Cash discount,30,30,0,1.93,
100,1000,5000000423,2024,2,S,,,510000,S,14441.76,14441.76,USD,,,,,4500000423,10,,40,,0.0,U,245.3,44482.36,Cash discount,10,60,0,0.58,
100,1000,5000000424,2024,1,K,V0013,,160000,H,167947.84,167947.84,USD,2024-04-22,2/10N30,2024-06-05,CL5000000424,4500000424,10,2024.0,31,,2.0,,84.12,25073.82,Payment received,20,45,90,1.91,
100,1000,5000000424,2024,2,S,,,510000,S,167947.84,167947.84,USD,,,,,4500000424,10,,40,,0.0,B,397.49,43388.14,Bank transfer,30,0,90,0.12,
100,1000,5000000425,2024,1,K,V0014,,160000,H,37481.79,37481.79,USD,2024-07-09,N060,,CL5000000425,4500000425,10,,31,,0.0,,84.63,19145.29,Invoice clearing,10,0,90,1.94,B
100,1000,5000000425,2024,2,S,,,510000,S,37481.79,37481.79,USD,,,,,4500000425,10,,40,,0.0,U,360.16,14987.95,,30,0,90,0.38,B
100,1000,5000000426,2024,1,K,V0002,,160000,H,138850.64,138850.64,USD,2024-04-19,N014,,CL5000000426,4500000426,10,,31,,0.0,T,244.16,2797.69,Bank transfer,14,0,90,1.63,A
100,1000,5000000426,2024,2,S,,,510000,S,138850.64,138850.64,USD,,,,,4500000426,10,,40,,0.0,C,458.45,42726.56,Invoice clearing,14,60,90,0.99,
100,1000,5000000427,2024,1,K,V0015,,160000,H,93957.27,93957.27,USD,2024-03-06,2/10N30,2024-04-11,CL5000000427,4500000427,10,2024.0,31,,2.0,T,271.07,6954.53,Payment received,10,0,90,1.06,
100,1000,5000000427,2024,2,S,,,510000,S,93957.27,93957.27,USD,,,,,4500000427,10,,40,,0.0,T,320.9,10094.8,,14,30,90,1.03,B
100,1000,5000000428,2024,1,K,V0014,,160000,H,4678.94,4678.94,USD,2024-10-06,N030,,CL5000000428,4500000428,10,,31,,0.0,B,29.37,20518.67,,10,0,90,0.15,
100,1000,5000000428,2024,2,S,,,510000,S,4678.94,4678.94,USD,,,,,4500000428,10,,40,,0.0,U,16.91,28513.24,Outstanding,0,60,90,0.88,
100,1000,5000000429,2024,1,K,V0006,,160000,H,45527.46,45527.46,USD,2024-06-24,N030,,CL5000000429,4500000429,10,,31,,0.0,T,423.35,45340.38,Payment received,14,45,90,1.02,A
100,1000,5000000429,2024,2,S,,,510000,S,45527.46,45527.46,USD,,,,,4500000429,10,,40,,0.0,T,472.59,22932.81,Credit memo,30,0,60,1.12,
100,1000,5000000429,2024,1,K,V0006,,160000,H,71465.75,71465.75,USD,2024-07-05,N030,,CL5000000429,4500000429,20,,31,,0.0,C,334.11,15887.53,Bank transfer,30,0,60,0.78,
100,1000,5000000429,2024,2,S,,,510000,S,71465.75,71465.75,USD,,,,,4500000429,20,,40,,0.0,,382.17,35811.86,Invoice clearing,10,30,90,1.21,
100,1000,5000000430,2024,1,K,V0012,,160000,H,56531.76,56531.76,USD,2024-08-16,2/10N30,2024-09-12,CL5000000430,4500000430,10,2024.0,31,,2.0,C,206.2,38969.16,Payment received,0,30,60,0.41,A
100,1000,5000000430,2024,2,S,,,510000,S,56531.76,56531.76,USD,,,,,4500000430,10,,40,,0.0,U,421.27,24430.28,Bank transfer,20,60,90,0.01,
100,1000,5000000431,2024,1,K,V0005,,160000,H,86885.7,86885.7,USD,2024-05-24,N030,,CL5000000431,4500000431,10,,31,,0.0,U,115.72,31588.54,,30,0,0,1.14,
100,1000,5000000431,2024,2,S,,,510000,S,86885.7,86885.7,USD,,,,,4500000431,10,,40,,0.0,B,353.58,8923.53,Invoice clearing,0,45,60,1.18,B
100,1000,5000000432,2024,1,K,V0001,,160000,H,7869.81,7869.81,USD,2024-05-23,N030,2024-07-18,CL5000000432,4500000432,10,2024.0,31,,0.0,,4.57,31761.5,,30,45,90,0.02,A
100,1000,5000000432,2024,2,S,,,510000,S,7869.81,7869.81,USD,,,,,4500000432,10,,40,,0.0,,252.87,335.2,Payment received,10,0,60,1.86,
100,1000,5000000433,2024,1,K,V0007,,160000,H,79007.56,79007.56,USD,2024-09-21,N030,2024-09-26,CL5000000433,4500000433,10,2024.0,31,,0.0,,186.6,13749.04,Credit memo,10,30,90,1.03,
100,1000,5000000433,2024,2,S,,,510000,S,79007.56,79007.56,USD,,,,,4500000433,10,,40,,0.0,,308.92,38083.54,,20,60,0,1.01,
100,1000,5000000434,2024,1,K,V0010,,160000,H,128063.1,128063.1,USD,2024-07-12,N014,,,4500000434,10,,31,,0.0,U,333.38,8513.43,Credit memo,10,0,0,1.44,
100,1000,5000000434,2024,2,S,,,510000,S,128063.1,128063.1,USD,,,,,4500000434,10,,40,,0.0,,308.26,38247.74,Payment received,20,0,0,0.52,A
100,1000,5000000435,2024,1,K,V0007,,160000,H,53788.0,53788.0,USD,2024-07-31,N014,2024-08-12,CL5000000435,4500000435,10,2024.0,31,,0.0,,241.6,24529.9,Outstanding,10,30,0,1.7,
100,1000,5000000435,2024,2,S,,,510000,S,53788.0,53788.0,USD,,,,,4500000435,10,,40,,0.0,,243.93,38202.1,Payment received,30,0,60,0.59,
100,1000,5000000435,2024,1,K,V0007,,160000,H,3110.48,3110.48,USD,2024-07-28,N014,2024-08-03,,4500000435,20,2024.0,31,,0.0,C,3.31,4493.26,Invoice clearing,10,60,90,0.54,B
100,1000,5000000435,2024,2,S,,,510000,S,3110.48,3110.48,USD,,,,,4500000435,20,,40,,0.0,U,275.82,30762.54,Outstanding,14,45,60,0.24,A
100,1000,5000000436,2024,1,K,V0002,,160000,H,120304.92,120304.92,USD,2024-03-24,N030,2024-04-18,CL5000000436,4500000436,10,2024.0,31,,0.0,,5.93,31711.03,Invoice clearing,0,45,60,0.45,B
100,1000,5000000436,2024,2,S,,,510000,S,120304.92,120304.92,USD,,,,,4500000436,10,,40,,0.0,T,264.71,20229.33,Bank transfer,30,60,60,1.07,
100,1000,5000000437,2024,1,K,V0008,,160000,H,7093.89,7093.89,USD,2024-03-20,N060,2024-05-12,CL5000000437,4500000437,10,2024.0,31,,0.0,,137.37,48269.86,Invoice clearing,0,45,60,0.58,
100,1000,5000000437,2024,2,S,,,510000,S,7093.89,7093.89,USD,,,,,4500000437,10,,40,,0.0,U,488.74,19227.49,Invoice clearing,14,0,90,1.28,
100,1000,5000000438,2024,1,K,V0010,,160000,H,8450.4,8450.4,USD,2024-05-15,2/10N30,2024-06-04,CL5000000438,4500000438,10,2024.0,31,,2.0,,8.57,1982.49,Bank transfer,0,60,60,1.88,
100,1000,5000000438,2024,2,S,,,510000,S,8450.4,8450.4,USD,,,,,4500000438,10,,40,,0.0,U,406.58,10050.77,,14,30,0,0.56,A
100,1000,5000000439,2024,1,K,V0012,,160000,H,8813.91,8813.91,USD,2024-04-17,2/10N30,2024-06-10,CL5000000439,4500000439,10,2024.0,31,,2.0,B,337.02,18717.76,Bank transfer,10,30,60,0.27,B
100,1000,5000000439,2024,2,S,,,510000,S,8813.91,8813.91,USD,,,,,4500000439,10,,40,,0.0,T,403.08,802.45,Bank transfer,10,30,90,1.75,A
100,1000,5000000440,2024,1,K,V0013,,160000,H,99802.68,99802.68,USD,2024-09-29,N030,2024-10-12,,4500000440,10,2024.0,31,,0.0,,454.89,16178.44,Bank transfer,14,30,60,0.1,
100,1000,5000000440,2024,2,S,,,510000,S,99802.68,99802.68,USD,,,,,4500000440,10,,40,,0.0,B,53.51,41678.11,Cash discount,30,0,0,1.96,
100,1000,5000000440,2024,1,K,V0013,,160000,H,14467.86,14467.86,USD,2024-10-02,N030,2024-11-20,,4500000440,20,2024.0,31,,0.0,C,48.16,9609.78,,10,0,90,1.98,
100,1000,5000000440,2024,2,S,,,510000,S,14467.86,14467.86,USD,,,,,4500000440,20,,40,,0.0,U,74.45,33869.73,Invoice clearing,30,30,90,0.42,
100,1000,5000000441,2024,1,K,V0002,,160000,H,63583.25,63583.25,USD,2024-11-04,N014,2024-11-09,CL5000000441,4500000441,10,2024.0,31,,0.0,U,95.97,31371.68,Credit memo,0,0,90,0.23,B
100,1000,5000000441,2024,2,S,,,510000,S,63583.25,63583.25,USD,,,,,4500000441,10,,40,,0.0,C,263.23,12516.27,,10,60,0,1.3,B
100,1000,5000000441,2024,1,K,V0002,,160000,H,18962.58,18962.58,USD,2024-10-22,N014,,CL5000000441,4500000441,20,,31,,0.0,,407.61,34706.88,,14,60,0,1.27,
100,1000,5000000441,2024,2,S,,,510000,S,18962.58,18962.58,USD,,,,,4500000441,20,,40,,0.0,B,133.66,17283.05,Invoice clearing,14,60,90,1.94,B
100,1000,5000000442,2024,1,K,V0009,,160000,H,209241.01,209241.01,USD,2024-05-09,2/10N30,,CL5000000442,4500000442,10,,31,,2.0,T,198.45,6533.65,Cash discount,10,30,60,0.65,
100,1000,5000000442,2024,2,S,,,510000,S,209241.01,209241.01,USD,,,,,4500000442,10,,40,,0.0,,186.53,19239.17,Cash discount,14,30,0,1.89,A
100,1000,5000000443,2024,1,K,V0015,,160000,H,72852.06,72852.06,USD,2024-07-18,N030,2024-08-23,CL5000000443,4500000443,10,2024.0,31,,0.0,B,203.01,29474.67,,10,30,0,1.77,A
100,1000,5000000443,2024,2,S,,,510000,S,72852.06,72852.06,USD,,,,,4500000443,10,,40,,0.0,,282.5,8434.31,Credit memo,20,0,60,0.53,B
100,1000,5000000444,2024,1,K,V0007,,160000,H,31634.2,31634.2,USD,2024-08-12,N060,2024-09-08,CL5000000444,4500000444,10,2024.0,31,,0.0,,495.12,41209.81,Cash discount,10,45,0,0.27,
100,1000,5000000444,2024,2,S,,,510000,S,31634.2,31634.2,USD,,,,,4500000444,10,,40,,0.0,B,112.93,14980.29,,30,45,0,1.8,
100,1000,5000000445,2024,1,K,V0008,,160000,H,66070.41,66070.41,USD,2024-07-12,N030,2024-09-10,CL5000000445,4500000445,10,2024.0,31,,0.0,T,342.02,14612.31,Credit memo,0,0,0,0.59,
100,1000,5000000445,2024,2,S,,,510000,S,66070.41,66070.41,USD,,,,,4500000445,10,,40,,0.0,U,423.93,36418.81,Credit memo,14,30,90,1.97,
100,1000,5000000446,2024,1,K,V0004,,160000,H,110591.1,110591.1,USD,2024-10-10,N060,2024-11-17,CL5000000446,4500000446,10,2024.0,31,,0.0,B,326.87,29858.86,Credit memo,0,30,60,1.25,A
100,1000,5000000446,2024,2,S,,,510000,S,110591.1,110591.1,USD,,,,,4500000446,10,,40,,0.0,C,429.11,16957.97,Credit memo,10,0,90,0.02,
100,1000,5000000446,2024,1,K,V0004,,160000,H,12348.54,12348.54,USD,2024-10-14,N060,,CL5000000446,4500000446,20,,31,,0.0,T,379.79,44409.9,,10,60,90,0.71,A
100,1000,5000000446,2024,2,S,,,510000,S,12348.54,12348.54,USD,,,,,4500000446,20,,40,,0.0,,46.75,49774.07,,10,60,90,1.46,
100,1000,5000000447,2024,1,K,V0005,,160000,H,159842.3,159842.3,USD,2024-09-22,N060,,CL5000000447,4500000447,10,,31,,0.0,,189.63,17202.37,Credit memo,30,0,90,0.56,B
100,1000,5000000447,2024,2,S,,,510000,S,159842.3,159842.3,USD,,,,,4500000447,10,,40,,0.0,U,276.35,45079.05,Bank transfer,0,0,90,0.51,
100,1000,5000000448,2024,1,K,V0014,,160000,H,46614.45,46614.45,USD,2024-09-09,N014,2024-10-12,CL5000000448,4500000448,10,2024.0,31,,0.0,T,28.06,18026.62,Bank transfer,0,60,0,0.03,B
100,1000,5000000448,2024,2,S,,,510000,S,46614.45,46614.45,USD,,,,,4500000448,10,,40,,0.0,,4.73,9502.46,,14,60,0,1.31,B
100,1000,5000000449,2024,1,K,V0006,,160000,H,176287.75,176287.75,USD,2024-09-23,N030,2024-10-08,CL5000000449,4500000449,10,2024.0,31,,0.0,C,85.69,47409.41,Outstanding,10,45,60,1.74,
100,1000,5000000449,2024,2,S,,,510000,S,176287.75,176287.75,USD,,,,,4500000449,10,,40,,0.0,,249.93,45918.45,Credit memo,14,45,90,1.88,
100,1000,5000000450,2024,1,K,V0015,,160000,H,9415.4,9415.4,USD,2024-06-12,N060,,CL5000000450,4500000450,10,,31,,0.0,,216.95,20229.24,,30,45,0,1.17,A
100,1000,5000000450,2024,2,S,,,510000,S,9415.4,9415.4,USD,,,,,4500000450,10,,40,,0.0,,392.19,11498.07,,20,30,0,1.45,
100,1000,5000000450,2024,1,K,V0015,,160000,H,41958.48,41958.48,USD,2024-06-05,N060,,CL5000000450,4500000450,20,,31,,0.0,T,282.93,36385.72,,30,60,60,1.38,
100,1000,5000000450,2024,2,S,,,510000,S,41958.48,41958.48,USD,,,,,4500000450,20,,40,,0.0,T,428.98,6647.17,Payment received,20,30,90,1.89,
100,1000,5000000451,2024,1,K,V0015,,160000,H,5606.28,5606.28,USD,2024-08-03,2/10N30,,CL5000000451,4500000451,10,,31,,2.0,,47.68,36730.42,Payment received,10,0,60,0.51,
100,1000,5000000451,2024,2,S,,,510000,S,5606.28,5606.28,USD,,,,,4500000451,10,,40,,0.0,B,264.08,29525.67,Outstanding,0,30,60,1.25,A
100,1000,5000000452,2024,1,K,V0008,,160000,H,218503.04,218503.04,USD,2024-04-01,N060,2024-04-29,CL5000000452,4500000452,10,2024.0,31,,0.0,C,21.28,8532.34,Payment received,0,30,0,1.21,
100,1000,5000000452,2024,2,S,,,510000,S,218503.04,218503.04,USD,,,,,4500000452,10,,40,,0.0,C,105.71,18392.91,Cash discount,14,0,0,0.41,
100,1000,5000000453,2024,1,K,V0009,,160000,H,112100.38,112100.38,USD,2024-06-18,N060,,CL5000000453,4500000453,10,,31,,0.0,,434.06,32561.96,Outstanding,20,30,60,0.88,
100,1000,5000000453,2024,2,S,,,510000,S,112100.38,112100.38,USD,,,,,4500000453,10,,40,,0.0,,443.78,1964.44,Payment received,14,30,90,0.65,B
100,1000,5000000454,2024,1,K,V0009,,160000,H,69619.42,69619.42,USD,2024-07-06,N014,2024-07-21,CL5000000454,4500000454,10,2024.0,31,,0.0,C,237.75,43839.55,Outstanding,10,45,60,0.41,
100,1000,5000000454,2024,2,S,,,510000,S,69619.42,69619.42,USD,,,,,4500000454,10,,40,,0.0,T,23.28,12863.88,Bank transfer,0,0,0,1.26,
100,1000,5000000455,2024,1,K,V0001,,160000,H,33857.88,33857.88,USD,2024-08-31,2/10N30,2024-10-08,CL5000000455,4500000455,10,2024.0,31,,2.0,,37.17,26783.2,Bank transfer,14,0,0,1.72,A
100,1000,5000000455,2024,2,S,,,510000,S,33857.88,33857.88,USD,,,,,4500000455,10,,40,,0.0,,462.79,2524.49,Credit memo,20,0,0,0.79,
100,1000,5000000456,2024,1,K,V0010,,160000,H,40092.14,40092.14,USD,2024-05-15,N060,2024-07-03,,4500000456,10,2024.0,31,,0.0,,449.66,49734.54,Payment received,10,0,90,0.89,
100,1000,5000000456,2024,2,S,,,510000,S,40092.14,40092.14,USD,,,,,4500000456,10,,40,,0.0,C,281.75,33132.3,Outstanding,10,60,0,1.46,A
100,1000,5000000457,2024,1,K,V0002,,160000,H,3028.68,3028.68,USD,2024-09-05,N060,,CL5000000457,4500000457,10,,31,,0.0,,16.45,32713.02,Cash discount,20,60,90,0.87,
100,1000,5000000457,2024,2,S,,,510000,S,3028.68,3028.68,USD,,,,,4500000457,10,,40,,0.0,C,464.38,1085.11,Invoice clearing,14,0,90,0.3,
100,1000,5000000458,2024,1,K,V0005,,160000,H,57829.86,57829.86,USD,2024-12-03,N030,,CL5000000458,4500000458,10,,31,,0.0,,157.24,34518.51,Payment received,30,60,60,0.96,
100,1000,5000000458,2024,2,S,,,510000,S,57829.86,57829.86,USD,,,,,4500000458,10,,40,,0.0,,480.73,20897.1,,14,30,90,0.99,
100,1000,5000000459,2024,1,K,V0013,,160000,H,65075.76,65075.76,USD,2024-07-14,2/10N30,2024-07-29,CL5000000459,4500000459,10,2024.0,31,,2.0,C,293.52,19074.66,Credit memo,20,45,60,0.92,
100,1000,5000000459,2024,2,S,,,510000,S,65075.76,65075.76,USD,,,,,4500000459,10,,40,,0.0,B,376.13,27409.39,Cash discount,0,45,90,1.63,
100,1000,5000000460,2024,1,K,V0013,,160000,H,45053.82,45053.82,USD,2024-07-30,2/10N30,2024-08-15,CL5000000460,4500000460,10,2024.0,31,,2.0,,356.36,23772.38,Cash discount,14,30,0,0.35,
100,1000,5000000460,2024,2,S,,,510000,S,45053.82,45053.82,USD,,,,,4500000460,10,,40,,0.0,C,199.15,7741.04,Outstanding,30,45,90,1.14,B
100,1000,5000000460,2024,1,K,V0013,,160000,H,786.3,786.3,USD,2024-08-01,2/10N30,2024-08-08,CL5000000460,4500000460,20,2024.0,31,,2.0,,38.47,34790.08,Credit memo,14,30,60,1.89,B
100,1000,5000000460,2024,2,S,,,510000,S,786.3,786.3,USD,,,,,4500000460,20,,40,,0.0,,81.23,31552.54,Bank transfer,0,30,90,0.36,
100,1000,5000000461,2024,1,K,V0012,,160000,H,159580.2,159580.2,USD,2024-04-01,N030,2024-04-07,CL5000000461,4500000461,10,2024.0,31,,0.0,T,120.24,15125.71,Bank transfer,10,45,90,0.56,
100,1000,5000000461,2024,2,S,,,510000,S,159580.2,159580.2,USD,,,,,4500000461,10,,40,,0.0,B,417.33,33117.06,Outstanding,14,30,0,0.62,
100,1000,5000000462,2024,1,K,V0002,,160000,H,136247.99,136247.99,USD,2024-03-10,2/10N30,2024-04-26,CL5000000462,4500000462,10,2024.0,31,,2.0,,194.58,33157.9,Outstanding,10,45,60,1.77,
100,1000,5000000462,2024,2,S,,,510000,S,136247.99,136247.99,USD,,,,,4500000462,10,,40,,0.0,C,448.26,13571.86,Invoice clearing,0,0,90,1.63,
100,1000,5000000462,2024,1,K,V0002,,160000,H,5971.86,5971.86,USD,2024-03-13,2/10N30,2024-04-15,CL5000000462,4500000462,20,2024.0,31,,2.0,C,165.86,30321.15,,30,45,60,1.37,A
100,1000,5000000462,2024,2,S,,,510000,S,5971.86,5971.86,USD,,,,,4500000462,20,,40,,0.0,,377.8,6944.46,Bank transfer,14,45,0,0.38,B
100,1000,5000000463,2024,1,K,V0003,,160000,H,101139.84,101139.84,USD,2024-08-15,N014,2024-09-09,CL5000000463,4500000463,10,2024.0,31,,0.0,B,69.98,41549.57,Invoice clearing,10,0,60,0.29,
100,1000,5000000463,2024,2,S,,,510000,S,101139.84,101139.84,USD,,,,,4500000463,10,,40,,0.0,,494.24,5335.22,Credit memo,30,45,90,0.85,
100,1000,5000000464,2024,1,K,V0006,,160000,H,12812.4,12812.4,USD,2024-05-21,N060,2024-07-18,CL5000000464,4500000464,10,2024.0,31,,0.0,C,362.08,35966.43,,10,30,0,0.91,
100,1000,5000000464,2024,2,S,,,510000,S,12812.4,12812.4,USD,,,,,4500000464,10,,40,,0.0,T,250.4,5974.95,Cash discount,10,60,60,1.29,
100,1000,5000000465,2024,1,K,V0005,,160000,H,103320.52,103320.52,USD,2024-08-21,N030,2024-09-17,CL5000000465,4500000465,10,2024.0,31,,0.0,,487.16,5789.23,,10,0,90,0.81,A
100,1000,5000000465,2024,2,S,,,510000,S,103320.52,103320.52,USD,,,,,4500000465,10,,40,,0.0,,26.85,5402.56,Invoice clearing,14,45,0,1.45,
100,1000,5000000466,2024,1,K,V0014,,160000,H,121663.08,121663.08,USD,2024-06-08,N060,2024-07-25,,4500000466,10,2024.0,31,,0.0,T,218.54,10012.47,Outstanding,10,0,90,0.27,
100,1000,5000000466,2024,2,S,,,510000,S,121663.08,121663.08,USD,,,,,4500000466,10,,40,,0.0,C,419.34,10067.49,Payment received,0,0,90,1.5,A
100,1000,5000000466,2024,1,K,V0014,,160000,H,2289.0,2289.0,USD,2024-06-08,N060,2024-06-24,CL5000000466,4500000466,20,2024.0,31,,0.0,T,170.3,13223.4,,20,30,60,0.02,A
100,1000,5000000466,2024,2,S,,,510000,S,2289.0,2289.0,USD,,,,,4500000466,20,,40,,0.0,B,384.5,26204.99,Invoice clearing,30,30,90,0.2,A
100,1000,5000000467,2024,1,K,V0001,,160000,H,110823.44,110823.44,USD,2024-11-01,2/10N30,2024-12-03,CL5000000467,4500000467,10,2024.0,31,,2.0,,477.43,10163.49,Payment received,30,45,90,0.77,
100,1000,5000000467,2024,2,S,,,510000,S,110823.44,110823.44,USD,,,,,4500000467,10,,40,,0.0,,198.35,35201.49,Credit memo,14,45,0,0.22,
100,1000,5000000468,2024,1,K,V0003,,160000,H,40222.8,40222.8,USD,2024-07-19,N030,2024-09-16,CL5000000468,4500000468,10,2024.0,31,,0.0,C,386.78,14838.02,Credit memo,14,0,90,0.03,
100,1000,5000000468,2024,2,S,,,510000,S,40222.8,40222.8,USD,,,,,4500000468,10,,40,,0.0,,14.81,2066.34,,14,0,0,1.66,B
100,1000,5000000468,2024,1,K,V0003,,160000,H,52977.07,52977.07,USD,2024-07-28,N030,2024-09-06,CL5000000468,4500000468,20,2024.0,31,,0.0,B,136.66,24868.1,,20,0,0,1.87,
100,1000,5000000468,2024,2,S,,,510000,S,52977.07,52977.07,USD,,,,,4500000468,20,,40,,0.0,T,496.29,10463.93,Invoice clearing,0,30,90,0.26,
100,1000,5000000469,2024,1,K,V0015,,160000,H,151566.56,151566.56,USD,2024-09-19,N014,2024-10-08,CL5000000469,4500000469,10,2024.0,31,,0.0,C,245.3,46662.9,Bank transfer,30,0,90,1.54,B
100,1000,5000000469,2024,2,S,,,510000,S,151566.56,151566.56,USD,,,,,4500000469,10,,40,,0.0,B,177.91,16597.12,Payment received,30,45,0,0.54,A
100,1000,5000000470,2024,1,K,V0014,,160000,H,5054.4,5054.4,USD,2024-07-01,2/10N30,2024-07-25,CL5000000470,4500000470,10,2024.0,31,,2.0,T,470.57,236.63,,14,45,60,1.88,
100,1000,5000000470,2024,2,S,,,510000,S,5054.4,5054.4,USD,,,,,4500000470,10,,40,,0.0,C,215.92,33614.49,Payment received,14,60,0,1.2,B
100,1000,5000000470,2024,1,K,V0014,,160000,H,33500.16,33500.16,USD,2024-07-04,2/10N30,2024-08-29,CL5000000470,4500000470,20,2024.0,31,,2.0,,339.85,45353.31,Outstanding,0,0,60,1.58,
100,1000,5000000470,2024,2,S,,,510000,S,33500.16,33500.16,USD,,,,,4500000470,20,,40,,0.0,U,330.34,41778.09,Payment received,10,30,60,0.02,
100,1000,5000000471,2024,1,K,V0003,,160000,H,7966.07,7966.07,USD,2024-11-27,2/10N30,2025-01-16,CL5000000471,4500000471,10,2025.0,31,,2.0,,42.85,33484.19,Credit memo,0,60,60,1.58,
100,1000,5000000471,2024,2,S,,,510000,S,7966.07,7966.07,USD,,,,,4500000471,10,,40,,0.0,T,309.31,7542.31,Cash discount,14,30,90,1.08,
100,1000,5000000472,2024,1,K,V0007,,160000,H,85488.98,85488.98,USD,2024-08-02,N030,2024-08-30,CL5000000472,4500000472,10,2024.0,31,,0.0,,399.03,4595.13,Credit memo,30,30,0,1.64,A
100,1000,5000000472,2024,2,S,,,510000,S,85488.98,85488.98,USD,,,,,4500000472,10,,40,,0.0,T,356.55,25634.1,Bank transfer,0,0,0,1.71,B
100,1000,5000000473,2024,1,K,V0005,,160000,H,1747.44,1747.44,USD,2024-10-25,2/10N30,2024-12-15,CL5000000473,4500000473,10,2024.0,31,,2.0,U,41.02,36205.82,Cash discount,10,0,0,0.17,
100,1000,5000000473,2024,2,S,,,510000,S,1747.44,1747.44,USD,,,,,4500000473,10,,40,,0.0,U,77.11,5154.39,Payment received,20,0,0,0.28,
100,1000,5000000474,2024,1,K,V0008,,160000,H,40069.3,40069.3,USD,2024-04-03,2/10N30,2024-05-03,CL5000000474,4500000474,10,2024.0,31,,2.0,,355.84,12869.02,,20,60,0,1.52,
100,1000,5000000474,2024,2,S,,,510000,S,40069.3,40069.3,USD,,,,,4500000474,10,,40,,0.0,B,316.95,11634.9,,30,30,90,1.78,
100,1000,5000000475,2024,1,K,V0012,,160000,H,109304.08,109304.08,USD,2024-07-29,N060,2024-08-20,CL5000000475,4500000475,10,2024.0,31,,0.0,,369.83,49434.43,Invoice clearing,10,0,90,1.63,
100,1000,5000000475,2024,2,S,,,510000,S,109304.08,109304.08,USD,,,,,4500000475,10,,40,,0.0,,158.34,14871.51,Bank transfer,0,0,60,0.61,B
100,1000,5000000475,2024,1,K,V0012,,160000,H,730.17,730.17,USD,2024-07-16,N060,2024-08-07,CL5000000475,4500000475,20,2024.0,31,,0.0,T,53.28,23267.44,,14,0,90,0.96,A
100,1000,5000000475,2024,2,S,,,510000,S,730.17,730.17,USD,,,,,4500000475,20,,40,,0.0,U,2.6,5080.46,Outstanding,14,0,60,0.49,B
100,1000,5000000476,2024,1,K,V0002,,160000,H,149063.98,149063.98,USD,2024-04-03,N014,2024-04-29,CL5000000476,4500000476,10,2024.0,31,,0.0,,154.13,8817.62,,10,45,0,1.09,
100,1000,5000000476,2024,2,S,,,510000,S,149063.98,149063.98,USD,,,,,4500000476,10,,40,,0.0,C,179.96,2068.28,Cash discount,0,30,90,0.53,A
100,1000,5000000477,2024,1,K,V0012,,160000,H,96839.96,96839.96,USD,2024-09-04,N060,2024-09-28,CL5000000477,4500000477,10,2024.0,31,,0.0,,134.88,14599.3,Cash discount,10,30,60,1.09,A
100,1000,5000000477,2024,2,S,,,510000,S,96839.96,96839.96,USD,,,,,4500000477,10,,40,,0.0,T,66.25,40099.65,Credit memo,0,0,90,0.04,
100,1000,5000000478,2024,1,K,V0003,,160000,H,137655.42,137655.42,USD,2024-09-10,N014,2024-09-21,CL5000000478,4500000478,10,2024.0,31,,0.0,,93.7,15704.08,Invoice clearing,20,60,60,0.09,
100,1000,5000000478,2024,2,S,,,510000,S,137655.42,137655.42,USD,,,,,4500000478,10,,40,,0.0,,224.42,36953.16,,0,30,90,1.09,B
100,1000,5000000479,2024,1,K,V0003,,160000,H,31389.32,31389.32,USD,2024-07-23,2/10N30,2024-09-20,CL5000000479,4500000479,10,2024.0,31,,2.0,,277.37,4840.42,Payment received,0,60,0,0.21,A
100,1000,5000000479,2024,2,S,,,510000,S,31389.32,31389.32,USD,,,,,4500000479,10,,40,,0.0,,204.02,37934.38,,14,0,90,1.77,
100,1000,5000000480,2024,1,K,V0008,,160000,H,42729.58,42729.58,USD,2024-08-24,N014,2024-09-06,CL5000000480,4500000480,10,2024.0,31,,0.0,,13.13,2389.87,Outstanding,30,0,0,0.83,B
100,1000,5000000480,2024,2,S,,,510000,S,42729.58,42729.58,USD,,,,,4500000480,10,,40,,0.0,B,176.96,42614.74,Invoice clearing,14,30,90,0.0,
100,1000,5000000481,2024,1,K,V0006,,160000,H,121097.2,121097.2,USD,2024-03-25,2/10N30,2024-04-29,CL5000000481,4500000481,10,2024.0,31,,2.0,U,46.53,33201.42,,20,0,60,0.45,A
100,1000,5000000481,2024,2,S,,,510000,S,121097.2,121097.2,USD,,,,,4500000481,10,,40,,0.0,,299.02,8608.56,,10,60,60,0.45,
100,1000,5000000482,2024,1,K,V0004,,160000,H,19043.4,19043.4,USD,2024-10-09,N060,2024-11-26,CL5000000482,4500000482,10,2024.0,31,,0.0,T,162.22,17940.62,Cash discount,14,0,60,0.77,A
100,1000,5000000482,2024,2,S,,,510000,S,19043.4,19043.4,USD,,,,,4500000482,10,,40,,0.0,T,192.62,21941.95,Cash discount,10,0,0,0.71,A
100,1000,5000000483,2024,1,K,V0015,,160000,H,31602.34,31602.34,USD,2024-11-27,N030,2024-12-08,CL5000000483,4500000483,10,2024.0,31,,0.0,U,145.92,31128.17,,14,30,0,0.57,A
100,1000,5000000483,2024,2,S,,,510000,S,31602.34,31602.34,USD,,,,,4500000483,10,,40,,0.0,,193.9,43935.93,Bank transfer,30,45,60,1.84,A
100,1000,5000000484,2024,1,K,V0013,,160000,H,34344.06,34344.06,USD,2024-08-17,N014,2024-09-12,CL5000000484,4500000484,10,2024.0,31,,0.0,U,42.35,4738.27,,30,60,60,1.37,A
100,1000,5000000484,2024,2,S,,,510000,S,34344.06,34344.06,USD,,,,,4500000484,10,,40,,0.0,U,450.57,40766.72,,14,45,0,1.37,
100,1000,5000000484,2024,1,K,V0013,,160000,H,32657.01,32657.01,USD,2024-08-03,N014,,CL5000000484,4500000484,20,,31,,0.0,,452.6,9225.18,Bank transfer,14,0,0,1.43,B
100,1000,5000000484,2024,2,S,,,510000,S,32657.01,32657.01,USD,,,,,4500000484,20,,40,,0.0,T,489.09,20098.8,Bank transfer,10,60,90,1.8,
100,1000,5000000485,2024,1,K,V0012,,160000,H,29131.2,29131.2,USD,2024-08-26,N060,2024-09-01,,4500000485,10,2024.0,31,,0.0,U,285.98,48119.27,Bank transfer,10,0,60,0.98,A
100,1000,5000000485,2024,2,S,,,510000,S,29131.2,29131.2,USD,,,,,4500000485,10,,40,,0.0,,84.79,13664.47,Invoice clearing,20,45,60,1.98,
100,1000,5000000486,2024,1,K,V0014,,160000,H,51925.86,51925.86,USD,2024-05-21,N060,2024-05-26,CL5000000486,4500000486,10,2024.0,31,,0.0,U,190.37,19347.2,Outstanding,20,45,60,0.45,
100,1000,5000000486,2024,2,S,,,510000,S,51925.86,51925.86,USD,,,,,4500000486,10,,40,,0.0,T,69.42,42548.51,,14,60,60,1.91,B
100,1000,5000000487,2024,1,K,V0005,,160000,H,191401.86,191401.86,USD,2024-11-26,N060,2025-01-02,CL5000000487,4500000487,10,2025.0,31,,0.0,T,150.57,40014.96,Credit memo,30,0,90,0.56,
100,1000,5000000487,2024,2,S,,,510000,S,191401.86,191401.86,USD,,,,,4500000487,10,,40,,0.0,B,246.56,32477.44,Invoice clearing,20,45,90,0.15,
100,1000,5000000487,2024,1,K,V0005,,160000,H,52548.0,52548.0,USD,2024-11-30,N060,2024-12-21,CL5000000487,4500000487,20,2024.0,31,,0.0,,31.63,39865.79,Invoice clearing,20,60,60,0.67,B
100,1000,5000000487,2024,2,S,,,510000,S,52548.0,52548.0,USD,,,,,4500000487,20,,40,,0.0,C,217.34,5741.52,,0,0,60,0.72,B
100,1000,5000000488,2024,1,K,V0012,,160000,H,138133.16,138133.16,USD,2024-06-26,N030,2024-07-16,CL5000000488,4500000488,10,2024.0,31,,0.0,T,210.55,34838.88,,30,0,90,1.85,
100,1000,5000000488,2024,2,S,,,510000,S,138133.16,138133.16,USD,,,,,4500000488,10,,40,,0.0,C,242.12,3026.46,Credit memo,10,60,0,0.17,
100,1000,5000000489,2024,1,K,V0002,,160000,H,85266.56,85266.56,USD,2024-06-29,N060,2024-08-21,CL5000000489,4500000489,10,2024.0,31,,0.0,B,38.46,47129.1,Credit memo,10,0,0,0.09,B
100,1000,5000000489,2024,2,S,,,510000,S,85266.56,85266.56,USD,,,,,4500000489,10,,40,,0.0,,125.85,8053.83,Bank transfer,10,45,60,0.3,B
100,1000,5000000489,2024,1,K,V0002,,160000,H,13695.12,13695.12,USD,2024-06-23,N060,2024-07-15,,4500000489,20,2024.0,31,,0.0,,123.3,20859.78,Credit memo,0,45,90,0.86,B
100,1000,5000000489,2024,2,S,,,510000,S,13695.12,13695.12,USD,,,,,4500000489,20,,40,,0.0,,312.52,29578.44,Credit memo,14,60,60,0.67,
100,1000,5000000490,2024,1,K,V0003,,160000,H,73679.01,73679.01,USD,2024-05-17,2/10N30,2024-07-09,CL5000000490,4500000490,10,2024.0,31,,2.0,,296.9,40133.01,Payment received,14,30,90,0.36,
100,1000,5000000490,2024,2,S,,,510000,S,73679.01,73679.01,USD,,,,,4500000490,10,,40,,0.0,,97.77,33951.82,Outstanding,10,0,0,0.85,A
100,1000,5000000491,2024,1,K,V0009,,160000,H,17581.07,17581.07,USD,2024-06-28,N014,2024-08-13,CL5000000491,4500000491,10,2024.0,31,,0.0,B,53.49,9144.9,Cash discount,30,45,60,1.79,
100,1000,5000000491,2024,2,S,,,510000,S,17581.07,17581.07,USD,,,,,4500000491,10,,40,,0.0,U,152.33,19049.56,Credit memo,0,45,60,1.37,A
100,1000,5000000492,2024,1,K,V0008,,160000,H,46047.61,46047.61,USD,2024-08-28,N014,,CL5000000492,4500000492,10,,31,,0.0,,474.41,17994.09,,10,45,90,1.25,
100,1000,5000000492,2024,2,S,,,510000,S,46047.61,46047.61,USD,,,,,4500000492,10,,40,,0.0,,166.11,1537.93,Cash discount,10,45,90,0.57,A
100,1000,5000000492,2024,1,K,V0008,,160000,H,14714.54,14714.54,USD,2024-08-27,N014,2024-09-21,CL5000000492,4500000492,20,2024.0,31,,0.0,B,310.1,34254.76,,14,0,90,1.75,B
100,1000,5000000492,2024,2,S,,,510000,S,14714.54,14714.54,USD,,,,,4500000492,20,,40,,0.0,U,402.04,41942.97,Payment received,30,30,60,0.54,A
100,1000,5000000493,2024,1,K,V0005,,160000,H,226045.53,226045.53,USD,2024-11-17,N060,2024-11-25,CL5000000493,4500000493,10,2024.0,31,,0.0,,164.77,48674.88,Bank transfer,0,0,60,1.0,
100,1000,5000000493,2024,2,S,,,510000,S,226045.53,226045.53,USD,,,,,4500000493,10,,40,,0.0,,167.37,6619.7,Bank transfer,0,0,60,0.74,
100,1000,5000000494,2024,1,K,V0002,,160000,H,13140.96,13140.96,USD,2024-09-18,N030,,CL5000000494,4500000494,10,,31,,0.0,U,407.74,46027.86,Credit memo,20,60,0,0.53,
100,1000,5000000494,2024,2,S,,,510000,S,13140.96,13140.96,USD,,,,,4500000494,10,,40,,0.0,T,429.75,5735.58,Cash discount,30,45,90,1.81,
100,1000,5000000495,2024,1,K,V0012,,160000,H,22872.56,22872.56,USD,2024-06-01,N014,2024-07-17,CL5000000495,4500000495,10,2024.0,31,,0.0,,487.11,20623.08,Invoice clearing,14,45,90,1.6,
100,1000,5000000495,2024,2,S,,,510000,S,22872.56,22872.56,USD,,,,,4500000495,10,,40,,0.0,,68.06,2394.02,Invoice clearing,20,30,0,1.58,
100,1000,5000000496,2024,1,K,V0014,,160000,H,159265.17,159265.17,USD,2024-10-09,N014,2024-11-18,CL5000000496,4500000496,10,2024.0,31,,0.0,T,160.33,13154.48,Payment received,14,30,60,1.72,B
100,1000,5000000496,2024,2,S,,,510000,S,159265.17,159265.17,USD,,,,,4500000496,10,,40,,0.0,,473.64,15780.47,Bank transfer,10,60,90,1.96,
100,1000,5000000497,2024,1,K,V0002,,160000,H,116985.33,116985.33,USD,2024-10-02,N060,2024-10-08,,4500000497,10,2024.0,31,,0.0,,100.43,35257.95,Cash discount,20,60,60,1.56,
100,1000,5000000497,2024,2,S,,,510000,S,116985.33,116985.33,USD,,,,,4500000497,10,,40,,0.0,,157.09,33928.65,Outstanding,14,60,60,0.29,B
100,1000,5000000498,2024,1,K,V0014,,160000,H,112798.89,112798.89,USD,2024-11-19,N014,2024-11-25,CL5000000498,4500000498,10,2024.0,31,,0.0,,482.29,38399.68,Payment received,10,45,60,0.3,A
100,1000,5000000498,2024,2,S,,,510000,S,112798.89,112798.89,USD,,,,,4500000498,10,,40,,0.0,,484.36,28874.79,Credit memo,14,45,90,0.89,
100,1000,5000000498,2024,1,K,V0014,,160000,H,9175.62,9175.62,USD,2024-11-16,N014,2024-12-18,CL5000000498,4500000498,20,2024.0,31,,0.0,,145.72,28294.11,Invoice clearing,30,30,90,1.59,
100,1000,5000000498,2024,2,S,,,510000,S,9175.62,9175.62,USD,,,,,4500000498,20,,40,,0.0,,347.48,48896.99,Outstanding,14,30,0,1.95,
100,1000,5000000499,2024,1,K,V0001,,160000,H,7646.26,7646.26,USD,2024-09-28,2/10N30,2024-11-04,CL5000000499,4500000499,10,2024.0,31,,2.0,C,245.5,33525.23,,30,60,0,1.63,B
100,1000,5000000499,2024,2,S,,,510000,S,7646.26,7646.26,USD,,,,,4500000499,10,,40,,0.0,U,287.94,16981.2,,14,0,90,0.23,B
